,biocarta entry,biocarta intersect,biocarta p,biocarta sig,chr entry,chr intersect,chr p,chr sig,cp entry,cp intersect,cp p,cp sig,go entry,go intersect,go p,go sig,kegg entry,kegg intersect,kegg p,kegg sig,mir entry,mir intersect,mir p,mir sig,reactome entry,reactome intersect,reactome p,reactome sig,threshold
0,,,,,chr16q24,3.0,0.0958419723318,False,REACTOME_METABOLISM_OF_RNA,4.0,0.241460511225,False,GO_SAGA_TYPE_COMPLEX,3.0,0.00220836736082,False,,,,,"ATGAAGG,MIR-205",3.0,0.189081624113,False,REACTOME_METABOLISM_OF_RNA,4.0,0.241460511225,False,0.000206383672785
1,BIOCARTA_PML_PATHWAY,2.0,0.00972662903015,False,chr4q26,2.0,0.0417848264986,False,REACTOME_IMMUNE_SYSTEM,9.0,0.000458715895956,True,GO_ENZYME_BINDING,19.0,4.44145039627e-10,True,KEGG_JAK_STAT_SIGNALING_PATHWAY,4.0,0.00321387957307,False,"ACCAAAG,MIR-9",8.0,3.56960292623e-05,True,REACTOME_IMMUNE_SYSTEM,9.0,0.000458715895956,True,0.000876836199636
2,BIOCARTA_GPCR_PATHWAY,2.0,0.0789373708069,False,chr11q13,5.0,0.0226660492042,False,REACTOME_METABOLISM_OF_LIPIDS_AND_LIPOPROTEINS,7.0,0.00177578562419,False,GO_CELLULAR_RESPONSE_TO_STRESS,16.0,3.41465098293e-06,True,KEGG_VEGF_SIGNALING_PATHWAY,2.0,0.320788251243,False,"GTGCCTT,MIR-506",8.0,0.00381347470104,False,REACTOME_METABOLISM_OF_LIPIDS_AND_LIPOPROTEINS,7.0,0.00177578562419,False,0.000357457615684
3,,,,,chr17q,1.0,0.145916962616,False,REACTOME_REGULATION_OF_PYRUVATE_DEHYDROGENASE_PDH_COMPLEX,1.0,0.118607832297,False,GO_REGULATION_OF_CENTROSOME_CYCLE,2.0,0.00190343698322,True,KEGG_GLYCINE_SERINE_AND_THREONINE_METABOLISM,1.0,0.282115321197,False,"ACTGTGA,MIR-27A,MIR-27B",2.0,0.266984911685,False,REACTOME_REGULATION_OF_PYRUVATE_DEHYDROGENASE_PDH_COMPLEX,1.0,0.118607832297,False,0.0136347498338
4,BIOCARTA_PPARA_PATHWAY,2.0,0.16399968059,False,chr6p21,5.0,0.114095207757,False,REACTOME_PROCESSING_OF_CAPPED_INTRON_CONTAINING_PRE_MRNA,4.0,0.00452790393702,False,GO_POLY_A_RNA_BINDING,16.0,1.83902107332e-08,True,KEGG_SPLICEOSOME,2.0,0.740491123132,False,"ACCATTT,MIR-522",5.0,0.00042298776366,True,REACTOME_PROCESSING_OF_CAPPED_INTRON_CONTAINING_PRE_MRNA,4.0,0.00452790393702,False,0.000468655237453
5,BIOCARTA_NO1_PATHWAY,3.0,0.000182285381673,True,chr7q32,2.0,0.081425158607,False,REACTOME_CELL_CYCLE,7.0,9.52954251477e-06,True,GO_MOLECULAR_FUNCTION_REGULATOR,17.0,6.80852672232e-13,True,KEGG_INSULIN_SIGNALING_PATHWAY,4.0,0.000432876509884,True,"ACTGTGA,MIR-27A,MIR-27B",7.0,2.10632541711e-05,True,REACTOME_CELL_CYCLE,7.0,9.52954251477e-06,True,0.00231210118212
6,BIOCARTA_EXTRINSIC_PATHWAY,1.0,0.804662736495,False,chr16p11,4.0,0.0314881918782,False,REACTOME_METABOLISM_OF_PROTEINS,5.0,0.141253698518,False,GO_NUCLEAR_OUTER_MEMBRANE_ENDOPLASMIC_RETICULUM_MEMBRANE_NETWORK,10.0,0.00148289325999,False,KEGG_PPAR_SIGNALING_PATHWAY,2.0,0.277501970729,False,"TGCACTT,MIR-519C,MIR-519B,MIR-519A",5.0,0.0763537161974,False,REACTOME_METABOLISM_OF_PROTEINS,5.0,0.141253698518,False,0.000330310405565
7,BIOCARTA_CDK5_PATHWAY,1.0,0.710392725822,False,chr7q35,2.0,0.207625345245,False,REACTOME_METABOLISM_OF_LIPIDS_AND_LIPOPROTEINS,7.0,0.00263268967908,False,GO_REGULATION_OF_CATABOLIC_PROCESS,11.0,1.80387300079e-05,True,KEGG_AMINO_SUGAR_AND_NUCLEOTIDE_SUGAR_METABOLISM,2.0,0.125345317508,False,"CAGTGTT,MIR-141,MIR-200A",6.0,0.001885828743,False,REACTOME_METABOLISM_OF_LIPIDS_AND_LIPOPROTEINS,7.0,0.00263268967908,False,0.000282044514317
8,BIOCARTA_GLEEVEC_PATHWAY,2.0,0.000394247195095,True,chr19q12,1.0,0.179051473193,False,KEGG_CHRONIC_MYELOID_LEUKEMIA,3.0,1.88603518336e-05,True,GO_POSITIVE_REGULATION_OF_CELL_PROLIFERATION,5.0,2.18499063601e-05,True,KEGG_CHRONIC_MYELOID_LEUKEMIA,3.0,1.88603518336e-05,True,"TAATGTG,MIR-323",2.0,0.0194700163741,False,REACTOME_SIGNALING_BY_FGFR1_FUSION_MUTANTS,2.0,0.000266606682885,True,0.0177513347113
9,BIOCARTA_MET_PATHWAY,2.0,0.0235323332233,False,chr2p21,2.0,0.0499570474945,False,REACTOME_REGULATION_OF_INSULIN_LIKE_GROWTH_FACTOR_IGF_ACTIVITY_BY_INSULIN_LIKE_GROWTH_FACTOR_BINDING_PROTEINS_IGFBPS,2.0,0.00430374078645,False,GO_REGULATION_OF_CELL_PROLIFERATION,10.0,0.000147259383714,True,KEGG_FOCAL_ADHESION,3.0,0.0441196738915,False,"ATGTTAA,MIR-302C",4.0,0.00470357657125,False,REACTOME_REGULATION_OF_INSULIN_LIKE_GROWTH_FACTOR_IGF_ACTIVITY_BY_INSULIN_LIKE_GROWTH_FACTOR_BINDING_PROTEINS_IGFBPS,2.0,0.00430374078645,False,0.00212594057628
10,,,,,chr1p35,3.0,0.0470676515876,False,KEGG_GLYCEROPHOSPHOLIPID_METABOLISM,2.0,0.302668156905,False,GO_GALACTOSYLTRANSFERASE_ACTIVITY,3.0,0.00113925307919,False,KEGG_GLYCEROPHOSPHOLIPID_METABOLISM,2.0,0.302668156905,False,"CTACCTC,LET-7A,LET-7B,LET-7C,LET-7D,LET-7E,LET-7F,MIR-98,LET-7G,LET-7I",6.0,0.00373524303091,False,REACTOME_ZINC_TRANSPORTERS,1.0,0.869429069721,False,0.00041862884763
11,BIOCARTA_KERATINOCYTE_PATHWAY,3.0,0.00594494947359,False,chr5q35,4.0,0.0298856323834,False,REACTOME_IMMUNE_SYSTEM,13.0,1.4687669588e-05,True,GO_ENZYME_BINDING,24.0,1.29761608081e-10,True,KEGG_LYSINE_DEGRADATION,3.0,0.00520517779292,False,"GTATTAT,MIR-369-3P",8.0,1.41298667542e-06,True,REACTOME_IMMUNE_SYSTEM,13.0,1.4687669588e-05,True,0.000183332976976
12,BIOCARTA_RNA_PATHWAY,1.0,0.704071670332,False,chr17p13,4.0,0.159984985073,False,REACTOME_IMMUNE_SYSTEM,13.0,1.06879541586e-05,True,GO_PROTEIN_MODIFICATION_BY_SMALL_PROTEIN_CONJUGATION_OR_REMOVAL,15.0,7.816834957e-08,True,KEGG_RNA_DEGRADATION,3.0,0.0114911601507,False,"ATATGCA,MIR-448",6.0,0.000367276566346,False,REACTOME_IMMUNE_SYSTEM,13.0,1.06879541586e-05,True,0.000206383672785
13,BIOCARTA_SALMONELLA_PATHWAY,1.0,0.413236261299,False,chr19q13,5.0,0.0998310109776,False,PID_S1P_META_PATHWAY,3.0,4.4837379085e-05,True,GO_INTRACELLULAR_VESICLE,8.0,0.00154816423932,True,KEGG_GLYCOSYLPHOSPHATIDYLINOSITOL_GPI_ANCHOR_BIOSYNTHESIS,1.0,0.789732951256,False,"GTGCAAT,MIR-25,MIR-32,MIR-92,MIR-363,MIR-367",3.0,0.134787152668,False,REACTOME_ADAPTIVE_IMMUNE_SYSTEM,5.0,0.0081435886218,False,0.00231210118212
14,BIOCARTA_PS1_PATHWAY,1.0,0.136816495311,False,chr13q22,1.0,0.253624036585,False,REACTOME_DEVELOPMENTAL_BIOLOGY,3.0,0.00802535729952,True,GO_LABYRINTHINE_LAYER_BLOOD_VESSEL_DEVELOPMENT,2.0,0.000455036724834,True,KEGG_ADHERENS_JUNCTION,2.0,0.00816489217652,True,"AACTGAC,MIR-223",2.0,0.0133638988762,False,REACTOME_DEVELOPMENTAL_BIOLOGY,3.0,0.00802535729952,True,0.0114916934983
15,,,,,chr1p22,2.0,0.450889348563,False,REACTOME_FATTY_ACID_TRIACYLGLYCEROL_AND_KETONE_BODY_METABOLISM,4.0,0.00990870127447,False,GO_MEDIATOR_COMPLEX,3.0,0.00120675189545,False,KEGG_PARKINSONS_DISEASE,2.0,0.828963708198,False,"CTACCTC,LET-7A,LET-7B,LET-7C,LET-7D,LET-7E,LET-7F,MIR-98,LET-7G,LET-7I",4.0,0.214223229321,False,REACTOME_FATTY_ACID_TRIACYLGLYCEROL_AND_KETONE_BODY_METABOLISM,4.0,0.00990870127447,False,0.00043468093551
16,BIOCARTA_CDC42RAC_PATHWAY,1.0,0.311864387456,False,chr4q11,1.0,0.27305341179,False,PID_ATM_PATHWAY,2.0,0.00684360722089,False,GO_CELLULAR_RESPONSE_TO_STRESS,8.0,0.000159709083884,True,KEGG_REGULATION_OF_ACTIN_CYTOSKELETON,2.0,0.263153256467,False,"TGGTGCT,MIR-29A,MIR-29B,MIR-29C",4.0,0.0106256134838,False,REACTOME_COSTIMULATION_BY_THE_CD28_FAMILY,2.0,0.0235459183299,False,0.00473005924198
17,BIOCARTA_DNAFRAGMENT_PATHWAY,1.0,0.421669405661,False,chr22q13,3.0,0.136976922988,False,REACTOME_BOTULINUM_NEUROTOXICITY,3.0,7.72410673472e-05,True,GO_ESTABLISHMENT_OF_LOCALIZATION_IN_CELL,15.0,2.81913975767e-07,True,KEGG_SNARE_INTERACTIONS_IN_VESICULAR_TRANSPORT,2.0,0.0401997771537,False,"AGTTCTC,MIR-146A,MIR-146B",3.0,0.00248869796436,False,REACTOME_BOTULINUM_NEUROTOXICITY,3.0,7.72410673472e-05,True,0.00116734873361
18,BIOCARTA_HCMV_PATHWAY,1.0,0.0221912793756,True,chr12p,1.0,0.0091385799869,True,BIOCARTA_HCMV_PATHWAY,1.0,0.0221912793756,True,GO_PROTEIN_DOMAIN_SPECIFIC_BINDING,2.0,0.00552228606065,True,KEGG_TGF_BETA_SIGNALING_PATHWAY,1.0,0.1121774728,False,"GTATGAT,MIR-154,MIR-487",1.0,0.091323155093,False,REACTOME_SMAD2_SMAD3_SMAD4_HETEROTRIMER_REGULATES_TRANSCRIPTION,1.0,0.0352411377294,False,0.0261065351908
19,BIOCARTA_PTDINS_PATHWAY,2.0,0.00734036044844,False,chr3q25,3.0,0.00244573033181,True,NABA_MATRISOME,7.0,0.0020604360782,True,GO_REGULATION_OF_PHOSPHORUS_METABOLIC_PROCESS,12.0,1.33939171268e-06,True,KEGG_T_CELL_RECEPTOR_SIGNALING_PATHWAY,3.0,0.00534002844267,False,"TTTGCAG,MIR-518A-2",4.0,0.00178457334073,True,REACTOME_REGULATION_OF_INSULIN_LIKE_GROWTH_FACTOR_IGF_ACTIVITY_BY_INSULIN_LIKE_GROWTH_FACTOR_BINDING_PROTEINS_IGFBPS,2.0,0.00349717334917,False,0.00259943094212
20,BIOCARTA_VITCB_PATHWAY,1.0,0.654129281132,False,chr6q24,3.0,0.0101689136534,False,REACTOME_EXTRACELLULAR_MATRIX_ORGANIZATION,5.0,2.80473132786e-05,True,GO_INTRACELLULAR_SIGNAL_TRANSDUCTION,17.0,4.1205968104e-07,True,KEGG_SMALL_CELL_LUNG_CANCER,3.0,0.0197353201679,False,"AAGCAAT,MIR-137",6.0,0.000184356546235,True,REACTOME_EXTRACELLULAR_MATRIX_ORGANIZATION,5.0,2.80473132786e-05,True,0.000386835972643
21,BIOCARTA_ATRBRCA_PATHWAY,2.0,0.015798125271,False,chr1p34,3.0,0.117257350381,False,PID_CIRCADIAN_PATHWAY,2.0,0.0090747083576,False,GO_RNA_BINDING,20.0,1.7500120029e-11,True,KEGG_SPLICEOSOME,3.0,0.0355252879249,False,"TGCTGCT,MIR-15A,MIR-16,MIR-15B,MIR-195,MIR-424,MIR-497",8.0,0.000173053652064,True,REACTOME_TRANSCRIPTION,4.0,0.0113874932037,False,0.00080075515572
22,BIOCARTA_MITOCHONDRIA_PATHWAY,2.0,0.032869725548,False,chr22q12,4.0,0.0108535680271,False,REACTOME_APOPTOTIC_CLEAVAGE_OF_CELLULAR_PROTEINS,3.0,0.003415922558,False,GO_NUCLEOLUS,16.0,4.28781836575e-09,True,KEGG_FRUCTOSE_AND_MANNOSE_METABOLISM,2.0,0.0860935769501,False,"TGAATGT,MIR-181A,MIR-181B,MIR-181C,MIR-181D",11.0,5.91869310564e-07,True,REACTOME_APOPTOTIC_CLEAVAGE_OF_CELLULAR_PROTEINS,3.0,0.003415922558,False,0.000221216784181
23,BIOCARTA_VDR_PATHWAY,2.0,0.00256481539053,False,chr5q23,2.0,0.128462606584,False,REACTOME_CELL_CYCLE,7.0,1.65697811979e-05,True,GO_CELL_CYCLE,16.0,3.07277334132e-11,True,KEGG_PRION_DISEASES,2.0,0.0227325358652,False,"GACAGGG,MIR-339",4.0,3.43393284061e-05,True,REACTOME_CELL_CYCLE,7.0,1.65697811979e-05,True,0.00194336327222
24,BIOCARTA_ETC_PATHWAY,1.0,0.101690399563,False,chr2p21,1.0,0.455106443472,False,PID_AURORA_B_PATHWAY,2.0,0.00163239314132,True,GO_MITOTIC_NUCLEAR_DIVISION,3.0,0.00389032937166,True,KEGG_LIMONENE_AND_PINENE_DEGRADATION,1.0,0.0847641261194,False,"ATGTTTC,MIR-494",2.0,0.0281705550597,False,REACTOME_ACTIVATION_OF_CHAPERONE_GENES_BY_ATF6_ALPHA,1.0,0.0932283682012,False,0.0150165601818
25,BIOCARTA_UCALPAIN_PATHWAY,2.0,0.0223048313612,False,chr14q24,4.0,0.00914141934986,False,REACTOME_MITOCHONDRIAL_PROTEIN_IMPORT,3.0,0.00925341916929,False,GO_ESTABLISHMENT_OF_LOCALIZATION_IN_CELL,16.0,3.08015569279e-05,True,KEGG_SELENOAMINO_ACID_METABOLISM,2.0,0.0468288050047,False,"TGCCTTA,MIR-124A",7.0,0.00764160088305,False,REACTOME_MITOCHONDRIAL_PROTEIN_IMPORT,3.0,0.00925341916929,False,0.000254157863134
26,BIOCARTA_SODD_PATHWAY,1.0,0.208262449382,False,chr4q34,1.0,0.497478414061,False,PID_ECADHERIN_STABILIZATION_PATHWAY,3.0,0.000103676744947,True,GO_POSITIVE_REGULATION_OF_BIOSYNTHETIC_PROCESS,11.0,6.01112627712e-07,True,KEGG_MELANOGENESIS,2.0,0.0694992358199,False,"GCACCTT,MIR-18A,MIR-18B",3.0,0.00226739108097,True,REACTOME_SIGNALING_BY_ERBB2,3.0,0.0014636120168,True,0.00439761798736
27,,,,,chr6p25,1.0,0.164172561126,False,PID_WNT_CANONICAL_PATHWAY,1.0,0.0521914869882,False,GO_CELL_MIGRATION_IN_HINDBRAIN,1.0,0.0339322191861,False,,,,,"ATGTCAC,MIR-489",1.0,0.229133297026,False,,,,,0.0339322191861
28,BIOCARTA_INTRINSIC_PATHWAY,1.0,0.859052263606,False,chr15q14,3.0,0.00282611459735,False,REACTOME_GLYCOSAMINOGLYCAN_METABOLISM,3.0,0.0115233685821,False,GO_VACUOLE,9.0,0.000485639747935,True,KEGG_FOLATE_BIOSYNTHESIS,1.0,0.413911828927,False,"TTGCACT,MIR-130A,MIR-301,MIR-130B",8.0,1.27954044115e-06,True,REACTOME_GLYCOSAMINOGLYCAN_METABOLISM,3.0,0.0115233685821,False,0.00155260565907
29,BIOCARTA_MYOSIN_PATHWAY,3.0,0.00157797572003,False,chr12q24,4.0,0.135994874879,False,REACTOME_P75_NTR_RECEPTOR_MEDIATED_SIGNALLING,4.0,0.00120758994179,False,GO_CELL_CYCLE_PROCESS,16.0,1.38442305873e-07,True,KEGG_ENDOCYTOSIS,4.0,0.0273646880929,False,"GCATTTG,MIR-105",6.0,0.000110324105535,True,REACTOME_P75_NTR_RECEPTOR_MEDIATED_SIGNALLING,4.0,0.00120758994179,False,0.000221216784181
30,,,,,chr18q21,2.0,0.0424558024992,False,REACTOME_TRYPTOPHAN_CATABOLISM,1.0,0.143319093024,False,GO_ENDORIBONUCLEASE_ACTIVITY,3.0,5.17076356171e-05,True,KEGG_GLYOXYLATE_AND_DICARBOXYLATE_METABOLISM,1.0,0.208248892332,False,"GTGTCAA,MIR-514",1.0,0.786611379127,False,REACTOME_TRYPTOPHAN_CATABOLISM,1.0,0.143319093024,False,0.00801455350825
31,,,,,chr3p25,3.0,0.0903421319116,False,REACTOME_PTM_GAMMA_CARBOXYLATION_HYPUSINE_FORMATION_AND_ARYLSULFATASE_ACTIVATION,2.0,0.0798286807658,False,GO_MITOCHONDRIAL_PART,12.0,0.000544815366911,False,,,,,,,,,REACTOME_PTM_GAMMA_CARBOXYLATION_HYPUSINE_FORMATION_AND_ARYLSULFATASE_ACTIVATION,2.0,0.0798286807658,False,8.72573226002e-05
32,BIOCARTA_MCM_PATHWAY,2.0,0.00569733642722,False,chr7q,1.0,0.438364938388,False,REACTOME_CELL_CYCLE_MITOTIC,5.0,0.00101838034333,True,GO_CELL_CYCLE,14.0,4.47543129433e-09,True,KEGG_CELL_CYCLE,3.0,0.0126638464151,False,"TTGCCAA,MIR-182",4.0,0.0156168280427,False,REACTOME_CELL_CYCLE_MITOTIC,5.0,0.00101838034333,True,0.0020326029703
33,BIOCARTA_SALMONELLA_PATHWAY,1.0,0.680261848016,False,chr19q13,8.0,0.0081405391348,False,KEGG_FRUCTOSE_AND_MANNOSE_METABOLISM,2.0,0.0497827691713,False,GO_NUCLEOTIDE_SUGAR_BIOSYNTHETIC_PROCESS,2.0,0.0154368856759,False,KEGG_FRUCTOSE_AND_MANNOSE_METABOLISM,2.0,0.0497827691713,False,"GCACTTT,MIR-17-5P,MIR-20A,MIR-106A,MIR-106B,MIR-20B,MIR-519D",8.0,0.000317153128839,True,REACTOME_LATE_PHASE_OF_HIV_LIFE_CYCLE,2.0,0.438928599465,False,0.000587356961079
34,BIOCARTA_PTC1_PATHWAY,2.0,0.0067484288413,False,chr1q41,2.0,0.210105485748,False,KEGG_NUCLEOTIDE_EXCISION_REPAIR,3.0,0.00309826714625,False,GO_DNA_METABOLIC_PROCESS,9.0,0.000789148173226,False,KEGG_NUCLEOTIDE_EXCISION_REPAIR,3.0,0.00309826714625,False,"TCTCTCC,MIR-185",3.0,0.0644677605597,False,REACTOME_CYCLIN_A_B1_ASSOCIATED_EVENTS_DURING_G2_M_TRANSITION,2.0,0.0128148303008,False,0.000357457615684
35,BIOCARTA_CFTR_PATHWAY,1.0,0.428073078261,False,chr19p13,6.0,0.00362234446611,False,SIG_CD40PATHWAYMAP,3.0,0.000283610746279,True,GO_NEGATIVE_REGULATION_OF_GENE_EXPRESSION,12.0,4.77831051857e-06,True,KEGG_RIG_I_LIKE_RECEPTOR_SIGNALING_PATHWAY,2.0,0.0994357588123,False,"GTGCAAT,MIR-25,MIR-32,MIR-92,MIR-363,MIR-367",5.0,0.00108714411201,True,REACTOME_ACTIVATION_OF_IRF3_IRF7_MEDIATED_BY_TBK1_IKK_EPSILON,2.0,0.00380397152878,False,0.00177646583821
36,BIOCARTA_SPRY_PATHWAY,2.0,0.00163319719941,True,chr3p26,1.0,0.597548424588,False,PID_RET_PATHWAY,3.0,5.4718885798e-05,True,GO_RUFFLE,4.0,7.36397839445e-05,True,KEGG_NON_SMALL_CELL_LUNG_CANCER,2.0,0.015069354201,False,"CTATGCA,MIR-153",3.0,0.00922701577973,False,REACTOME_CELL_CYCLE_MITOTIC,3.0,0.0302079063033,False,0.00525616670216
37,BIOCARTA_D4GDI_PATHWAY,2.0,0.0216943876732,False,chrxp11,6.0,0.00849537859826,False,REACTOME_DIABETES_PATHWAYS,5.0,0.00184193355483,False,GO_ZINC_ION_BINDING,22.0,3.23198866682e-10,True,KEGG_HUNTINGTONS_DISEASE,5.0,0.00862060587609,False,"GTGCCTT,MIR-506",14.0,2.03014233094e-06,True,REACTOME_DIABETES_PATHWAYS,5.0,0.00184193355483,False,5.5252623312e-05
38,BIOCARTA_PLCE_PATHWAY,1.0,0.781790085823,False,chr8p11,2.0,0.197493892041,False,KEGG_RNA_DEGRADATION,3.0,0.0091885929043,False,GO_POSITIVE_REGULATION_OF_MOLECULAR_FUNCTION,19.0,3.5375982085e-07,True,KEGG_RNA_DEGRADATION,3.0,0.0091885929043,False,"AGCACTT,MIR-93,MIR-302A,MIR-302B,MIR-302C,MIR-302D,MIR-372,MIR-373,MIR-520E,MIR-520A,MIR-526B,MIR-520B,MIR-520C,MIR-520D",6.0,0.00346769737533,False,REACTOME_SIGNALING_BY_TGF_BETA_RECEPTOR_COMPLEX,3.0,0.0111529555156,False,0.000272424578932
39,,,,,chr15q22,2.0,0.0924941002688,False,REACTOME_POST_TRANSLATIONAL_MODIFICATION_SYNTHESIS_OF_GPI_ANCHORED_PROTEINS,2.0,0.00453216796296,False,GO_COENZYME_BIOSYNTHETIC_PROCESS,3.0,0.00289212131869,True,KEGG_PANTOTHENATE_AND_COA_BIOSYNTHESIS,1.0,0.332546902642,False,"GTGGTGA,MIR-197",2.0,0.0349383592573,False,REACTOME_POST_TRANSLATIONAL_MODIFICATION_SYNTHESIS_OF_GPI_ANCHORED_PROTEINS,2.0,0.00453216796296,False,0.00439761798736
40,BIOCARTA_RANMS_PATHWAY,1.0,0.169312642588,False,chr4q,1.0,0.135523788275,False,PID_SMAD2_3PATHWAY,2.0,0.00124919550808,True,GO_INTERACTION_WITH_HOST,4.0,2.94863419835e-05,True,KEGG_ENDOCYTOSIS,3.0,0.0045286377812,True,"TCTGATA,MIR-361",3.0,0.00056679493114,True,REACTOME_TRANSPORT_OF_RIBONUCLEOPROTEINS_INTO_THE_HOST_NUCLEUS,2.0,0.0032128249335,True,0.00584079120102
41,BIOCARTA_SALMONELLA_PATHWAY,2.0,0.00974871937502,False,chr13q13,2.0,0.129070634125,False,REACTOME_ADAPTIVE_IMMUNE_SYSTEM,8.0,0.000507320456502,False,GO_RNA_BINDING,16.0,5.26647929954e-06,True,KEGG_NEUROTROPHIN_SIGNALING_PATHWAY,4.0,0.00424199619851,False,"TGCCTTA,MIR-124A",11.0,6.41649099888e-07,True,REACTOME_ADAPTIVE_IMMUNE_SYSTEM,8.0,0.000507320456502,False,0.000343616021176
42,BIOCARTA_CDMAC_PATHWAY,1.0,0.0730418551373,False,chr15q25,2.0,0.00443728117805,True,REACTOME_ALPHA_LINOLENIC_ACID_ALA_METABOLISM,1.0,0.0547956971836,False,GO_POSITIVE_REGULATION_OF_PROTEOLYSIS,3.0,0.000501282080576,True,KEGG_THYROID_CANCER,1.0,0.132276071353,False,"ACAACCT,MIR-453",1.0,0.195954352314,False,REACTOME_ALPHA_LINOLENIC_ACID_ALA_METABOLISM,1.0,0.0547956971836,False,0.0396538255232
43,BIOCARTA_LEPTIN_PATHWAY,1.0,0.286015480236,False,chr12q15,2.0,0.0137017522512,False,REACTOME_CELL_CYCLE_MITOTIC,6.0,1.12338161051e-05,True,GO_ENZYME_BINDING,14.0,3.1887099115e-09,True,KEGG_SPLICEOSOME,3.0,0.00580121334429,False,"CTCTGGA,MIR-520A,MIR-525",4.0,0.000334824240831,True,REACTOME_CELL_CYCLE_MITOTIC,6.0,1.12338161051e-05,True,0.00328564910965
44,BIOCARTA_MPR_PATHWAY,2.0,0.197643577015,False,chr17q25,5.0,0.0347409953338,False,REACTOME_METABOLISM_OF_PROTEINS,8.0,0.0174568146387,False,GO_PROTEIN_COMPLEX_SUBUNIT_ORGANIZATION,24.0,3.76956992266e-08,True,KEGG_LYSOSOME,4.0,0.0288047314309,False,"TGTTTAC,MIR-30A-5P,MIR-30C,MIR-30D,MIR-30B,MIR-30E-5P",12.0,3.95823010366e-05,False,REACTOME_METABOLISM_OF_PROTEINS,8.0,0.0174568146387,False,2.35703026781e-05
45,BIOCARTA_HIVNEF_PATHWAY,4.0,0.000398099056844,False,chr11q13,6.0,0.00682666499866,False,REACTOME_IMMUNE_SYSTEM,15.0,3.1421750818e-07,True,GO_NEGATIVE_REGULATION_OF_RESPONSE_TO_STIMULUS,25.0,9.352824316e-14,True,KEGG_UBIQUITIN_MEDIATED_PROTEOLYSIS,6.0,3.82655661033e-05,True,"TGCTTTG,MIR-330",9.0,4.80907650581e-06,True,REACTOME_IMMUNE_SYSTEM,15.0,3.1421750818e-07,True,0.00017581620516
46,BIOCARTA_MITOCHONDRIA_PATHWAY,1.0,0.932036557661,False,chr13q13,2.0,0.0689714238358,False,REACTOME_ASPARAGINE_N_LINKED_GLYCOSYLATION,3.0,0.00762385587995,False,GO_CHROMOSOME_ORGANIZATION,11.0,9.27216685117e-06,True,KEGG_N_GLYCAN_BIOSYNTHESIS,2.0,0.0661004186814,False,"AAGCACT,MIR-520F",5.0,0.000919238474669,True,REACTOME_ASPARAGINE_N_LINKED_GLYCOSYLATION,3.0,0.00762385587995,False,0.000998412206866
47,BIOCARTA_P27_PATHWAY,1.0,0.0932283681981,False,chr10q21,1.0,0.498897814398,False,REACTOME_3_UTR_MEDIATED_TRANSLATIONAL_REGULATION,3.0,0.000267232278453,True,GO_AMIDE_BIOSYNTHETIC_PROCESS,6.0,2.31537848304e-08,True,KEGG_RIBOSOME,2.0,0.00591471793995,True,"TGCCTTA,MIR-124A",2.0,0.221162923108,False,REACTOME_3_UTR_MEDIATED_TRANSLATIONAL_REGULATION,3.0,0.000267232278453,True,0.0177513347113
48,BIOCARTA_CSK_PATHWAY,2.0,0.0145467105473,False,chr19p13,6.0,0.00707065314288,False,REACTOME_NOTCH_HLH_TRANSCRIPTION_PATHWAY,2.0,0.0041505364174,False,GO_RIBONUCLEOTIDE_BINDING,18.0,7.94801756633e-10,True,KEGG_ADHERENS_JUNCTION,3.0,0.00441963115401,False,"ACTGAAA,MIR-30A-3P,MIR-30E-3P",4.0,0.00487352647108,False,REACTOME_NOTCH_HLH_TRANSCRIPTION_PATHWAY,2.0,0.0041505364174,False,0.0013125584954
49,,,,,,,,,KEGG_SPLICEOSOME,2.0,0.152025871162,False,GO_SMALL_NUCLEAR_RIBONUCLEOPROTEIN_COMPLEX,2.0,0.034297667893,False,KEGG_SPLICEOSOME,2.0,0.152025871162,False,"ACTGTGA,MIR-27A,MIR-27B",3.0,0.211135500179,False,REACTOME_SLBP_DEPENDENT_PROCESSING_OF_REPLICATION_DEPENDENT_HISTONE_PRE_MRNAS,1.0,0.271773793804,False,0.00353403023675
50,BIOCARTA_P53HYPOXIA_PATHWAY,2.0,0.0165220960936,False,chr11q14,2.0,0.185947360047,False,KEGG_PYRIMIDINE_METABOLISM,4.0,0.000453323134423,True,GO_CHROMOSOME,12.0,2.19550815602e-07,True,KEGG_PYRIMIDINE_METABOLISM,4.0,0.000453323134423,True,"ACCAAAG,MIR-9",6.0,0.00320698357604,False,REACTOME_CHROMOSOME_MAINTENANCE,4.0,0.00107281362247,False,0.000998412206866
51,BIOCARTA_PAR1_PATHWAY,2.0,0.00924314100668,False,chr10q24,2.0,0.0940344361037,False,REACTOME_SIGNALING_BY_RHO_GTPASES,3.0,0.00204467966873,True,GO_POSITIVE_REGULATION_OF_HYDROLASE_ACTIVITY,8.0,4.55287372992e-06,True,KEGG_TGF_BETA_SIGNALING_PATHWAY,2.0,0.0496580963229,False,"TATTATA,MIR-374",4.0,0.00134405871872,True,REACTOME_SIGNALING_BY_RHO_GTPASES,3.0,0.00204467966873,True,0.00439761798736
52,,,,,chr15q25,3.0,0.0611084485744,False,REACTOME_LATE_PHASE_OF_HIV_LIFE_CYCLE,2.0,0.569487665652,False,GO_TRANSCRIPTION_FACTOR_TFIID_COMPLEX,3.0,0.000413900050654,False,,,,,"CAGGGTC,MIR-504",2.0,0.389099440406,False,REACTOME_LATE_PHASE_OF_HIV_LIFE_CYCLE,2.0,0.569487665652,False,0.000371856779475
53,,,,,chr3q29,2.0,0.133325405027,False,REACTOME_GENERIC_TRANSCRIPTION_PATHWAY,4.0,0.0423586670663,False,GO_HYDROLASE_ACTIVITY_ACTING_ON_ESTER_BONDS,8.0,0.000229444888476,True,,,,,"CTACCTC,LET-7A,LET-7B,LET-7C,LET-7D,LET-7E,LET-7F,MIR-98,LET-7G,LET-7I",5.0,0.00611121537997,False,REACTOME_GENERIC_TRANSCRIPTION_PATHWAY,4.0,0.0423586670663,False,0.00126225175636
54,BIOCARTA_41BB_PATHWAY,1.0,0.14396741433,False,chr2q23,1.0,0.278883321451,False,REACTOME_DIABETES_PATHWAYS,2.0,0.019049737186,False,GO_NEURON_PROJECTION,6.0,3.32362793496e-06,True,KEGG_SELENOAMINO_ACID_METABOLISM,1.0,0.219927010734,False,"GGCACAT,MIR-455",1.0,0.488563201081,False,REACTOME_DIABETES_PATHWAYS,2.0,0.019049737186,False,0.0150165601818
55,BIOCARTA_WNT_PATHWAY,2.0,0.0027479161648,True,chr7q22,3.0,0.00218703633949,True,KEGG_PATHWAYS_IN_CANCER,5.0,2.54657585282e-05,True,GO_NEGATIVE_REGULATION_OF_TRANSCRIPTION_FROM_RNA_POLYMERASE_II_PROMOTER,7.0,3.05752332295e-06,True,KEGG_PATHWAYS_IN_CANCER,5.0,2.54657585282e-05,True,"GCACTTT,MIR-17-5P,MIR-20A,MIR-106A,MIR-106B,MIR-20B,MIR-519D",4.0,0.00850462879856,False,REACTOME_INSULIN_SYNTHESIS_AND_PROCESSING,2.0,0.00177854023592,True,0.00615705391336
56,BIOCARTA_SARS_PATHWAY,1.0,0.447443200269,False,chr6q12,2.0,0.0245657421208,False,REACTOME_N_GLYCAN_TRIMMING_IN_THE_ER_AND_CALNEXIN_CALRETICULIN_CYCLE,2.0,0.00514346334278,False,GO_ENVELOPE,15.0,1.9799109452e-09,True,KEGG_VALINE_LEUCINE_AND_ISOLEUCINE_BIOSYNTHESIS,1.0,0.491824134869,False,"TTGCACT,MIR-130A,MIR-301,MIR-130B",5.0,0.0107602536292,False,REACTOME_N_GLYCAN_TRIMMING_IN_THE_ER_AND_CALNEXIN_CALRETICULIN_CYCLE,2.0,0.00514346334278,False,0.000998412206866
57,,,,,chr9q31,1.0,0.104357955973,False,REACTOME_METAL_ION_SLC_TRANSPORTERS,1.0,0.0287165636824,False,GO_PHOSPHATASE_ACTIVATOR_ACTIVITY,1.0,0.0143600006664,True,KEGG_GLYCOSAMINOGLYCAN_BIOSYNTHESIS_CHONDROITIN_SULFATE,1.0,0.0287165636824,False,"ATGCAGT,MIR-217",1.0,0.149957385916,False,REACTOME_METAL_ION_SLC_TRANSPORTERS,1.0,0.0287165636824,False,0.0261065351908
58,BIOCARTA_RARRXR_PATHWAY,1.0,0.69744753472,False,chr8q24,4.0,0.0110123733422,False,REACTOME_METABOLISM_OF_PROTEINS,5.0,0.0402710895025,False,GO_PROTEIN_MODIFICATION_BY_SMALL_PROTEIN_CONJUGATION_OR_REMOVAL,11.0,3.45007379457e-06,True,KEGG_RIBOSOME,2.0,0.254824696122,False,"ACTGTAG,MIR-139",4.0,0.00130997837597,False,REACTOME_METABOLISM_OF_PROTEINS,5.0,0.0402710895025,False,0.000876836199636
59,BIOCARTA_FREE_PATHWAY,2.0,0.00702928584975,False,chr11q21,3.0,0.0068745163705,False,KEGG_ADIPOCYTOKINE_SIGNALING_PATHWAY,5.0,1.53471786678e-05,True,GO_POSITIVE_REGULATION_OF_GENE_EXPRESSION,21.0,1.257068031e-08,True,KEGG_ADIPOCYTOKINE_SIGNALING_PATHWAY,5.0,1.53471786678e-05,True,"TGCACTT,MIR-519C,MIR-519B,MIR-519A",9.0,3.13756727315e-05,True,REACTOME_FATTY_ACID_TRIACYLGLYCEROL_AND_KETONE_BODY_METABOLISM,5.0,0.00138783483505,False,0.000229028455133
60,,,,,chr14q24,1.0,0.27723970717,False,,,,,GO_POSITIVE_REGULATION_BY_HOST_OF_VIRAL_PROCESS,1.0,0.0215376574544,True,,,,,"GACAGGG,MIR-339",1.0,0.131024107231,False,,,,,0.0313240931016
61,BIOCARTA_FCER1_PATHWAY,2.0,0.0907239271191,False,chr1q32,4.0,0.0203803100066,False,PID_AMB2_NEUTROPHILS_PATHWAY,2.0,0.0907239271191,False,GO_CELLULAR_RESPONSE_TO_STRESS,12.0,0.00184169474859,False,KEGG_JAK_STAT_SIGNALING_PATHWAY,3.0,0.110379116725,False,"CAGTATT,MIR-200B,MIR-200C,MIR-429",7.0,0.0012797059068,False,REACTOME_ACTIVATION_OF_CHAPERONE_GENES_BY_XBP1S,2.0,0.113778364052,False,0.000402418560021
62,BIOCARTA_LEPTIN_PATHWAY,1.0,0.836627099157,False,chr6q24,3.0,0.0210373908012,False,REACTOME_FATTY_ACID_TRIACYLGLYCEROL_AND_KETONE_BODY_METABOLISM,4.0,0.0286890039144,False,GO_MITOCHONDRION,18.0,6.01091698556e-06,True,KEGG_B_CELL_RECEPTOR_SIGNALING_PATHWAY,2.0,0.481679458837,False,"GCACTTT,MIR-17-5P,MIR-20A,MIR-106A,MIR-106B,MIR-20B,MIR-519D",10.0,0.000102676527418,True,REACTOME_FATTY_ACID_TRIACYLGLYCEROL_AND_KETONE_BODY_METABOLISM,4.0,0.0286890039144,False,0.000142610157221
63,BIOCARTA_GABA_PATHWAY,1.0,0.0587058435553,False,chr6q26,1.0,0.0938803139393,False,REACTOME_PECAM1_INTERACTIONS,1.0,0.0587058435553,False,GO_REGULATION_OF_EARLY_ENDOSOME_TO_LATE_ENDOSOME_TRANSPORT,2.0,0.000122558240831,True,KEGG_PENTOSE_PHOSPHATE_PATHWAY,1.0,0.158271456336,False,"GTAAGAT,MIR-200A",2.0,0.00145587708954,True,REACTOME_PECAM1_INTERACTIONS,1.0,0.0587058435553,False,0.0234517902839
64,BIOCARTA_MAPK_PATHWAY,2.0,0.729805016708,False,chr12q24,5.0,0.0364836647731,False,KEGG_TERPENOID_BACKBONE_BIOSYNTHESIS,2.0,0.02331177488,False,GO_RNA_BINDING,22.0,1.58477050402e-08,True,KEGG_TERPENOID_BACKBONE_BIOSYNTHESIS,2.0,0.02331177488,False,"CATTTCA,MIR-203",6.0,0.00463988561908,False,REACTOME_GENERIC_TRANSCRIPTION_PATHWAY,5.0,0.0912179158037,False,9.86046605811e-05
65,BIOCARTA_LYM_PATHWAY,1.0,0.257525902249,False,chr2q35,2.0,0.0372006644312,False,PID_INTEGRIN1_PATHWAY,2.0,0.0372006644312,False,GO_TRANSITION_METAL_ION_BINDING,7.0,0.00276908484189,True,KEGG_ECM_RECEPTOR_INTERACTION,2.0,0.0599248238229,False,"GTGCCAA,MIR-96",5.0,0.000115303093041,True,REACTOME_DNA_REPAIR,2.0,0.105394315843,False,0.00380118792284
66,BIOCARTA_CBL_PATHWAY,1.0,0.270467592833,False,chr22q13,2.0,0.350235528397,False,KEGG_FOCAL_ADHESION,5.0,8.35630525632e-06,True,GO_EXTRACELLULAR_STRUCTURE_ORGANIZATION,7.0,4.53305110627e-08,True,KEGG_FOCAL_ADHESION,5.0,8.35630525632e-06,True,"TACTTGA,MIR-26A,MIR-26B",3.0,0.0356189988626,False,REACTOME_INTEGRIN_CELL_SURFACE_INTERACTIONS,4.0,8.40958324197e-06,True,0.00439761798736
67,,,,,chr16q22,2.0,0.131731921101,False,REACTOME_3_UTR_MEDIATED_TRANSLATIONAL_REGULATION,6.0,2.40565349215e-08,True,GO_RIBONUCLEOPROTEIN_COMPLEX,13.0,1.54171226493e-15,True,KEGG_RIBOSOME,3.0,0.000575826878307,True,"ACTGTAG,MIR-139",2.0,0.0716126231462,False,REACTOME_3_UTR_MEDIATED_TRANSLATIONAL_REGULATION,6.0,2.40565349215e-08,True,0.00554077361251
68,BIOCARTA_PTEN_PATHWAY,1.0,0.0587083969209,False,chr6q14,1.0,0.192090008855,False,REACTOME_PEPTIDE_CHAIN_ELONGATION,4.0,1.76707212226e-08,True,GO_AMIDE_BIOSYNTHETIC_PROCESS,4.0,2.17690571127e-06,True,KEGG_RIBOSOME,3.0,2.02963314341e-06,True,"ACAACTT,MIR-382",1.0,0.234282335673,False,REACTOME_PEPTIDE_CHAIN_ELONGATION,4.0,1.76707212226e-08,True,0.0391491529923
69,,,,,chr16p13,5.0,0.0460060246957,False,REACTOME_DEADENYLATION_DEPENDENT_MRNA_DECAY,3.0,0.00692867500533,False,GO_NUCLEAR_TRANSCRIBED_MRNA_CATABOLIC_PROCESS_DEADENYLATION_DEPENDENT_DECAY,4.0,0.000371346308555,False,KEGG_RNA_DEGRADATION,3.0,0.0127693392644,False,"CCACACA,MIR-147",2.0,0.318412394875,False,REACTOME_DEADENYLATION_DEPENDENT_MRNA_DECAY,3.0,0.00692867500533,False,0.00017581620516
70,,,,,chr19p12,1.0,0.20183094361,False,REACTOME_GENERIC_TRANSCRIPTION_PATHWAY,2.0,0.017284940215,True,GO_N_ACETYLGLUCOSAMINE_METABOLIC_PROCESS,1.0,0.0521897842891,False,,,,,"AAGCACT,MIR-520F",2.0,0.00793058205464,True,REACTOME_GENERIC_TRANSCRIPTION_PATHWAY,2.0,0.017284940215,True,0.0391491529923
71,BIOCARTA_DNAFRAGMENT_PATHWAY,2.0,0.000351956422916,True,chr17q22,2.0,0.00635031103969,True,BIOCARTA_DNAFRAGMENT_PATHWAY,2.0,0.000351956422916,True,GO_NEGATIVE_REGULATION_OF_NITROGEN_COMPOUND_METABOLIC_PROCESS,10.0,5.7523386198e-08,True,KEGG_UBIQUITIN_MEDIATED_PROTEOLYSIS,2.0,0.0709792554832,False,"CAGTATT,MIR-200B,MIR-200C,MIR-429",4.0,0.0029034729763,True,REACTOME_APOPTOSIS_INDUCED_DNA_FRAGMENTATION,2.0,0.000609473992464,True,0.00649044137811
72,BIOCARTA_MAL_PATHWAY,2.0,0.0186209328378,False,chr11q13,6.0,0.00182672689081,False,REACTOME_SYNTHESIS_OF_PE,2.0,0.00604989846142,False,GO_ENZYME_BINDING,16.0,6.32690199763e-06,True,KEGG_RIG_I_LIKE_RECEPTOR_SIGNALING_PATHWAY,3.0,0.0109444976644,False,"ATGTACA,MIR-493",10.0,1.82012402064e-08,True,REACTOME_SYNTHESIS_OF_PE,2.0,0.00604989846142,False,0.00043468093551
73,BIOCARTA_SALMONELLA_PATHWAY,1.0,0.605386642634,False,chr8p21,2.0,0.357305911111,False,REACTOME_GENERIC_TRANSCRIPTION_PATHWAY,4.0,0.0693242498677,False,GO_REGULATION_OF_INTERLEUKIN_8_SECRETION,2.0,0.0122050219884,False,,,,,"TGCCTTA,MIR-124A",6.0,0.00700360941782,False,REACTOME_GENERIC_TRANSCRIPTION_PATHWAY,4.0,0.0693242498677,False,0.000876836199636
74,BIOCARTA_P38MAPK_PATHWAY,2.0,0.103936285401,False,chr6q13,2.0,0.0441736562503,False,KEGG_GLYCOSPHINGOLIPID_BIOSYNTHESIS_GANGLIO_SERIES,2.0,0.0144959310439,False,GO_VACUOLE,13.0,5.3406794876e-05,True,KEGG_GLYCOSPHINGOLIPID_BIOSYNTHESIS_GANGLIO_SERIES,2.0,0.0144959310439,False,"ACATTCC,MIR-1,MIR-206",6.0,0.00157371913851,False,REACTOME_MITOTIC_G1_G1_S_PHASES,3.0,0.10180661841,False,0.000282044514317
75,BIOCARTA_EPHA4_PATHWAY,1.0,0.466760279655,False,chr3q27,2.0,0.227675997965,False,REACTOME_CELL_CYCLE_MITOTIC,5.0,0.00488499497634,False,GO_RNA_BINDING,21.0,8.68386250391e-13,True,KEGG_MISMATCH_REPAIR,2.0,0.0179846334359,False,"ACATTCC,MIR-1,MIR-206",7.0,1.44811145801e-05,True,REACTOME_CELL_CYCLE_MITOTIC,5.0,0.00488499497634,False,0.000876836199636
76,BIOCARTA_EIF_PATHWAY,2.0,0.00137658178453,True,chr7p15,2.0,0.0662900293248,False,REACTOME_CYTOKINE_SIGNALING_IN_IMMUNE_SYSTEM,4.0,0.000739544365979,True,GO_POLY_A_RNA_BINDING,10.0,4.26218084542e-08,True,KEGG_VIRAL_MYOCARDITIS,2.0,0.0294822930211,False,"TTGGGAG,MIR-150",2.0,0.0446327334979,False,REACTOME_CYTOKINE_SIGNALING_IN_IMMUNE_SYSTEM,4.0,0.000739544365979,True,0.00498617888637
77,,,,,chr4q25,2.0,0.0875764739807,False,KEGG_SPHINGOLIPID_METABOLISM,2.0,0.0392567349686,False,GO_CELLULAR_CATABOLIC_PROCESS,9.0,0.00177963535329,False,KEGG_SPHINGOLIPID_METABOLISM,2.0,0.0392567349686,False,"TGCACTG,MIR-148A,MIR-152,MIR-148B",4.0,0.0218457780727,False,REACTOME_METABOLISM_OF_LIPIDS_AND_LIPOPROTEINS,4.0,0.113355912863,False,0.00136487019738
78,,,,,chr6p21,6.0,0.0581850477106,False,REACTOME_AUTODEGRADATION_OF_CDH1_BY_CDH1_APC_C,2.0,0.306328051841,False,GO_REGULATION_OF_PROTEIN_MODIFICATION_BY_SMALL_PROTEIN_CONJUGATION_OR_REMOVAL,5.0,0.0169412702744,False,KEGG_GLYCEROPHOSPHOLIPID_METABOLISM,2.0,0.435820459453,False,"CTCTGGA,MIR-520A,MIR-525",3.0,0.192413073169,False,REACTOME_AUTODEGRADATION_OF_CDH1_BY_CDH1_APC_C,2.0,0.306328051841,False,0.000206383672785
79,BIOCARTA_FEEDER_PATHWAY,1.0,0.356520206528,False,chr17q21,3.0,0.313299273804,False,REACTOME_DNA_REPLICATION,5.0,0.000178332726629,True,GO_RNA_BINDING,20.0,2.85188058144e-13,True,KEGG_FATTY_ACID_METABOLISM,2.0,0.0432595074922,False,"TGTTTAC,MIR-30A-5P,MIR-30C,MIR-30D,MIR-30B,MIR-30E-5P",9.0,2.18534393403e-06,True,REACTOME_DNA_REPLICATION,5.0,0.000178332726629,True,0.00136487019738
80,,,,,chr7q21,2.0,0.0416328327678,False,KEGG_RIBOSOME,6.0,9.05034067508e-11,True,GO_POLY_A_RNA_BINDING,14.0,3.53328734584e-16,True,KEGG_RIBOSOME,6.0,9.05034067508e-11,True,"TGCACGA,MIR-517A,MIR-517C",1.0,0.257506359051,False,REACTOME_PEPTIDE_CHAIN_ELONGATION,6.0,2.6424123687e-09,True,0.00721234980551
81,BIOCARTA_MAPK_PATHWAY,2.0,0.52071513777,False,chr9q21,3.0,0.0387093853247,False,REACTOME_PLATELET_ACTIVATION_SIGNALING_AND_AGGREGATION,6.0,0.000280862639329,False,GO_REPRODUCTION,16.0,1.50847340486e-06,True,KEGG_FC_GAMMA_R_MEDIATED_PHAGOCYTOSIS,3.0,0.045070252656,False,"TGAATGT,MIR-181A,MIR-181B,MIR-181C,MIR-181D",7.0,0.00410238636294,False,REACTOME_PLATELET_ACTIVATION_SIGNALING_AND_AGGREGATION,6.0,0.000280862639329,False,0.000229028455133
82,,,,,chr9q31,2.0,0.00928891969757,True,REACTOME_METABOLISM_OF_VITAMINS_AND_COFACTORS,2.0,0.00376844947973,True,GO_SMALL_MOLECULE_BIOSYNTHETIC_PROCESS,5.0,6.77080031905e-06,True,KEGG_FOLATE_BIOSYNTHESIS,1.0,0.107547793773,False,"CCACACA,MIR-147",2.0,0.00575933299294,True,REACTOME_METABOLISM_OF_VITAMINS_AND_COFACTORS,2.0,0.00376844947973,True,0.0114916934983
83,,,,,chr6q27,1.0,0.143362690883,False,PID_IL23_PATHWAY,1.0,0.0965006826204,False,GO_CXCR_CHEMOKINE_RECEPTOR_BINDING,1.0,0.0417586417563,False,KEGG_NOD_LIKE_RECEPTOR_SIGNALING_PATHWAY,1.0,0.161571922444,False,"CAGTCAC,MIR-134",1.0,0.135556183717,False,REACTOME_CHEMOKINE_RECEPTORS_BIND_CHEMOKINES,1.0,0.148566178666,False,0.0339322191861
84,BIOCARTA_ARF_PATHWAY,2.0,0.000731252942719,True,chr9q13,1.0,0.298925284364,False,BIOCARTA_ARF_PATHWAY,2.0,0.000731252942719,True,GO_REGULATION_OF_KINASE_ACTIVITY,6.0,2.16047953334e-05,True,KEGG_TYPE_II_DIABETES_MELLITUS,2.0,0.00576704559089,True,"GCTTGAA,MIR-498",3.0,0.000493006694446,True,REACTOME_SIGNALING_BY_CONSTITUTIVELY_ACTIVE_EGFR,2.0,0.000822444791578,True,0.00801455350825
85,BIOCARTA_ARENRF2_PATHWAY,1.0,0.304117314937,False,chr3p24,2.0,0.0406266035619,False,REACTOME_SRP_DEPENDENT_COTRANSLATIONAL_PROTEIN_TARGETING_TO_MEMBRANE,8.0,3.74249256477e-11,True,GO_ESTABLISHMENT_OF_PROTEIN_LOCALIZATION_TO_ENDOPLASMIC_RETICULUM,8.0,4.50135753092e-13,True,KEGG_RIBOSOME,6.0,2.31253531822e-09,True,"GTGCAAA,MIR-507",2.0,0.143034907414,False,REACTOME_SRP_DEPENDENT_COTRANSLATIONAL_PROTEIN_TARGETING_TO_MEMBRANE,8.0,3.74249256477e-11,True,0.00380118792284
86,BIOCARTA_DREAM_PATHWAY,1.0,0.336432932894,False,chrxp11,3.0,0.04801438322,False,KEGG_NEUROTROPHIN_SIGNALING_PATHWAY,3.0,0.00438158676943,False,GO_MITOCHONDRION,12.0,9.48337401992e-08,True,KEGG_NEUROTROPHIN_SIGNALING_PATHWAY,3.0,0.00438158676943,False,"ATTCTTT,MIR-186",3.0,0.041188493191,False,REACTOME_SIGNALLING_BY_NGF,3.0,0.0214990324304,False,0.00366517571951
87,BIOCARTA_ATRBRCA_PATHWAY,1.0,0.852097645088,False,chr7p22,2.0,0.271637267431,False,REACTOME_RESPIRATORY_ELECTRON_TRANSPORT,3.0,0.00540713512079,False,GO_PROTEIN_COMPLEX_SUBUNIT_ORGANIZATION,15.0,5.07968134259e-08,True,KEGG_PARKINSONS_DISEASE,3.0,0.0248651004391,False,"ACATTCC,MIR-1,MIR-206",5.0,0.00177361474749,False,REACTOME_RESPIRATORY_ELECTRON_TRANSPORT,3.0,0.00540713512079,False,0.00126225175636
88,BIOCARTA_HIVNEF_PATHWAY,2.0,0.0741826661079,False,chr1p35,2.0,0.285649039191,False,KEGG_P53_SIGNALING_PATHWAY,3.0,0.00282611459735,False,GO_CELL_CYCLE,15.0,1.85799182678e-09,True,KEGG_P53_SIGNALING_PATHWAY,3.0,0.00282611459735,False,"TGAATGT,MIR-181A,MIR-181B,MIR-181C,MIR-181D",5.0,0.0110212587635,False,REACTOME_MITOTIC_G2_G2_M_PHASES,3.0,0.00455295349887,False,0.00155260565907
89,BIOCARTA_RANKL_PATHWAY,2.0,0.00746658908133,False,chr6p12,2.0,0.253149465765,False,REACTOME_METABOLISM_OF_LIPIDS_AND_LIPOPROTEINS,9.0,3.42117421949e-06,True,GO_ENZYME_BINDING,19.0,1.5995483103e-09,True,KEGG_PATHWAYS_IN_CANCER,6.0,0.000586612101036,True,"CTCCAAG,MIR-432",4.0,0.000363154339214,True,REACTOME_METABOLISM_OF_LIPIDS_AND_LIPOPROTEINS,9.0,3.42117421949e-06,True,0.000698830179944
90,,,,,chr6q15,1.0,0.135523788268,False,KEGG_RIBOSOME,4.0,2.61989737196e-08,True,GO_VIRAL_LIFE_CYCLE,5.0,1.59911000559e-08,True,KEGG_RIBOSOME,4.0,2.61989737196e-08,True,,,,,REACTOME_PEPTIDE_CHAIN_ELONGATION,4.0,2.45470234639e-07,True,0.0303283730028
91,,,,,chr11q13,4.0,0.115062849629,False,REACTOME_FACILITATIVE_NA_INDEPENDENT_GLUCOSE_TRANSPORTERS,3.0,3.84191416209e-05,True,GO_ACTIVE_TRANSMEMBRANE_TRANSPORTER_ACTIVITY,7.0,0.000128562990373,True,KEGG_PURINE_METABOLISM,3.0,0.0946185274521,False,"TGCCTTA,MIR-124A",10.0,2.15480787943e-06,True,REACTOME_FACILITATIVE_NA_INDEPENDENT_GLUCOSE_TRANSPORTERS,3.0,3.84191416209e-05,True,0.000524659809843
92,,,,,chr16q24,1.0,0.319900045205,False,,,,,GO_POSITIVE_REGULATION_OF_CELL_ADHESION_MEDIATED_BY_INTEGRIN,1.0,0.0443671085752,False,,,,,"ACTGTAG,MIR-139",1.0,0.319900045205,False,,,,,0.0339322191861
93,BIOCARTA_ATRBRCA_PATHWAY,2.0,0.0656979712751,False,chr15q15,3.0,0.125008287842,False,REACTOME_SYNTHESIS_OF_PIPS_AT_THE_LATE_ENDOSOME_MEMBRANE,2.0,0.0144184099937,False,GO_POSITIVE_REGULATION_OF_GENE_EXPRESSION,21.0,9.15191269422e-06,True,KEGG_GLYCINE_SERINE_AND_THREONINE_METABOLISM,2.0,0.14235806719,False,"CAGGGTC,MIR-504",6.0,1.25398902019e-05,True,REACTOME_SYNTHESIS_OF_PIPS_AT_THE_LATE_ENDOSOME_MEMBRANE,2.0,0.0144184099937,False,3.84603321132e-05
94,BIOCARTA_ARAP_PATHWAY,2.0,0.015943748334,False,chr1p34,5.0,0.00109228283331,False,BIOCARTA_ARAP_PATHWAY,2.0,0.015943748334,False,GO_TRANSITION_METAL_ION_BINDING,16.0,2.34882454137e-07,True,KEGG_INOSITOL_PHOSPHATE_METABOLISM,2.0,0.142671511521,False,"TGCACTT,MIR-519C,MIR-519B,MIR-519A",8.0,6.85491973594e-05,True,REACTOME_AMINO_ACID_TRANSPORT_ACROSS_THE_PLASMA_MEMBRANE,2.0,0.0476877614631,False,0.000468655237453
95,,,,,chr2p23,3.0,0.0415655116091,False,SIG_BCR_SIGNALING_PATHWAY,3.0,0.00400625964856,False,GO_ESTABLISHMENT_OF_PROTEIN_LOCALIZATION,16.0,1.71524292161e-06,True,KEGG_ENDOCYTOSIS,4.0,0.0196938355085,False,"GCACTTT,MIR-17-5P,MIR-20A,MIR-106A,MIR-106B,MIR-20B,MIR-519D",9.0,0.000163442291979,True,REACTOME_MEMBRANE_TRAFFICKING,4.0,0.00523522551904,False,0.000305224897267
96,BIOCARTA_CHREBP2_PATHWAY,1.0,0.191409766116,False,chr19p13,2.0,0.118251803189,False,REACTOME_PLATELET_SENSITIZATION_BY_LDL,1.0,0.0730418551373,False,GO_REGULATION_OF_ORGANELLE_ORGANIZATION,3.0,0.0163285639016,True,KEGG_OOCYTE_MEIOSIS,1.0,0.517105828882,False,"CCTGAGT,MIR-510",1.0,0.205041743143,False,REACTOME_PLATELET_SENSITIZATION_BY_LDL,1.0,0.0730418551373,False,0.0396538255232
97,BIOCARTA_RAS_PATHWAY,3.0,0.000455282355759,False,chr14q23,3.0,0.0231186289683,False,REACTOME_SIGNALLING_BY_NGF,7.0,1.18950918118e-05,True,GO_DOPAMINERGIC_NEURON_DIFFERENTIATION,5.0,1.01594526836e-07,True,KEGG_TGF_BETA_SIGNALING_PATHWAY,4.0,0.000998867847292,False,"ACTGTGA,MIR-27A,MIR-27B",7.0,0.00192753966583,False,REACTOME_SIGNALLING_BY_NGF,7.0,1.18950918118e-05,True,0.000330310405565
98,,,,,chr2p21,1.0,0.105631409734,False,REACTOME_SYNTHESIS_OF_GLYCOSYLPHOSPHATIDYLINOSITOL_GPI,1.0,0.0332811246177,False,GO_GALACTOSE_METABOLIC_PROCESS,1.0,0.0254524873374,True,KEGG_GLYCOSYLPHOSPHATIDYLINOSITOL_GPI_ANCHOR_BIOSYNTHESIS,1.0,0.0489343096356,False,"AGGCACT,MIR-515-3P",1.0,0.173963599896,False,REACTOME_SYNTHESIS_OF_GLYCOSYLPHOSPHATIDYLINOSITOL_GPI,1.0,0.0332811246177,False,0.0313240931016
99,BIOCARTA_IL5_PATHWAY,1.0,0.370061116482,False,chr4q28,2.0,0.0817433647351,False,REACTOME_MHC_CLASS_II_ANTIGEN_PRESENTATION,3.0,0.00610147615717,False,GO_CELLULAR_MACROMOLECULE_LOCALIZATION,12.0,9.2765699547e-07,True,KEGG_FOCAL_ADHESION,3.0,0.0608098454985,False,"TGGTGCT,MIR-29A,MIR-29B,MIR-29C",6.0,0.00137614347342,True,REACTOME_MHC_CLASS_II_ANTIGEN_PRESENTATION,3.0,0.00610147615717,False,0.00162390167574
100,BIOCARTA_KREB_PATHWAY,1.0,0.317113571363,False,chr5p15,3.0,0.0296323521618,False,REACTOME_METABOLISM_OF_AMINO_ACIDS_AND_DERIVATIVES,4.0,0.00448807395221,False,GO_RNA_BINDING,13.0,4.30357912931e-06,True,KEGG_CYSTEINE_AND_METHIONINE_METABOLISM,2.0,0.0283796291015,False,"TGTGTGA,MIR-377",4.0,0.00448807395221,False,REACTOME_METABOLISM_OF_AMINO_ACIDS_AND_DERIVATIVES,4.0,0.00448807395221,False,0.00136487019738
101,BIOCARTA_P53HYPOXIA_PATHWAY,1.0,0.536012062612,False,chr22q11,3.0,0.0903712823146,False,KEGG_MAPK_SIGNALING_PATHWAY,4.0,0.00170059072496,True,GO_REGULATION_OF_RESPONSE_TO_STRESS,10.0,3.83400820865e-06,True,KEGG_MAPK_SIGNALING_PATHWAY,4.0,0.00170059072496,True,"CGCTGCT,MIR-503",2.0,0.00488668405531,False,REACTOME_NUCLEAR_RECEPTOR_TRANSCRIPTION_PATHWAY,2.0,0.0205666765086,False,0.00380118792284
102,BIOCARTA_IL4_PATHWAY,1.0,0.899558631006,False,chr16q22,5.0,0.00327334215497,False,ST_JAK_STAT_PATHWAY,2.0,0.00807994957499,False,GO_CELLULAR_RESPONSE_TO_DNA_DAMAGE_STIMULUS,12.0,2.49749691456e-05,True,,,,,"AGCTCCT,MIR-28",5.0,0.000212079954562,False,REACTOME_METAL_ION_SLC_TRANSPORTERS,2.0,0.05064059959,False,9.86046605811e-05
103,BIOCARTA_MTA3_PATHWAY,2.0,0.0135954799432,False,chr1p36,5.0,0.0454767162291,False,BIOCARTA_MTA3_PATHWAY,2.0,0.0135954799432,False,GO_MACROMOLECULE_DEACYLATION,3.0,0.00578815756567,False,KEGG_LYSOSOME,2.0,0.517771439565,False,"TAATGTG,MIR-323",3.0,0.0725053547975,False,REACTOME_PLATELET_HOMEOSTASIS,2.0,0.224172378026,False,0.000731275487574
104,BIOCARTA_GABA_PATHWAY,1.0,0.201773995179,False,chr15q22,2.0,0.0868585590726,False,KEGG_FOCAL_ADHESION,4.0,0.000305606195887,True,GO_REGULATION_OF_ORGANELLE_ORGANIZATION,7.0,0.000328836884152,True,KEGG_FOCAL_ADHESION,4.0,0.000305606195887,True,"ACATATC,MIR-190",2.0,0.0228199110687,False,REACTOME_AXON_GUIDANCE,3.0,0.0193872657867,False,0.00456081063012
105,BIOCARTA_RANMS_PATHWAY,1.0,0.0977856117386,False,chr10q,1.0,0.0587071201989,False,REACTOME_LOSS_OF_NLP_FROM_MITOTIC_CENTROSOMES,3.0,2.71346949584e-05,True,GO_NEGATIVE_REGULATION_OF_ORGANELLE_ORGANIZATION,6.0,4.83172688439e-08,True,KEGG_REGULATION_OF_AUTOPHAGY,2.0,0.00176392332224,True,"ATTCTTT,MIR-186",3.0,0.0026554646996,True,REACTOME_LOSS_OF_NLP_FROM_MITOTIC_CENTROSOMES,3.0,2.71346949584e-05,True,0.0114916934983
106,BIOCARTA_PROTEASOME_PATHWAY,2.0,0.00910796783098,False,chr4p16,3.0,0.0154038059258,False,REACTOME_METABOLISM_OF_MRNA,4.0,0.0039852366479,False,GO_MITOCHONDRION,10.0,4.87596669215e-05,True,KEGG_AMINOACYL_TRNA_BIOSYNTHESIS,2.0,0.0196097606871,False,"TTGCACT,MIR-130A,MIR-301,MIR-130B",3.0,0.178941162131,False,REACTOME_METABOLISM_OF_MRNA,4.0,0.0039852366479,False,0.00303883333753
107,BIOCARTA_RAB_PATHWAY,1.0,0.36615789619,False,chr3q26,3.0,0.0068523281706,False,REACTOME_YAP1_AND_WWTR1_TAZ_STIMULATED_GENE_EXPRESSION,2.0,0.00835556589462,False,GO_PROTEIN_COMPLEX_BINDING,10.0,9.10695034166e-07,True,KEGG_ENDOCYTOSIS,3.0,0.0265607001954,False,"TGAATGT,MIR-181A,MIR-181B,MIR-181C,MIR-181D",5.0,0.00405672852765,False,REACTOME_YAP1_AND_WWTR1_TAZ_STIMULATED_GENE_EXPRESSION,2.0,0.00835556589462,False,0.00249989135523
108,BIOCARTA_VITCB_PATHWAY,1.0,0.200472236009,False,chr17q25,2.0,0.234198245342,False,NABA_MATRISOME,8.0,3.8239939729e-06,True,GO_COLLAGEN_TRIMER,4.0,7.4422806583e-06,True,KEGG_PATHWAYS_IN_CANCER,3.0,0.0310169444726,False,"CACTGCC,MIR-34A,MIR-34C,MIR-449",3.0,0.0196448008745,False,REACTOME_COLLAGEN_FORMATION,3.0,0.000183320969592,True,0.00525616670216
109,BIOCARTA_P27_PATHWAY,2.0,0.00146763947683,True,chr10p13,2.0,0.0117164888726,False,KEGG_RIBOSOME,7.0,2.18047136553e-11,True,GO_TRANSLATIONAL_INITIATION,9.0,8.88158330507e-14,True,KEGG_RIBOSOME,7.0,2.18047136553e-11,True,"ACCATTT,MIR-522",4.0,0.000256334320817,True,REACTOME_PEPTIDE_CHAIN_ELONGATION,7.0,1.12118757693e-09,True,0.00366517571951
110,BIOCARTA_MTOR_PATHWAY,2.0,0.00499792896939,False,chr7q22,2.0,0.203995076424,False,REACTOME_VIF_MEDIATED_DEGRADATION_OF_APOBEC3G,3.0,0.000336240093711,True,GO_MITOCHONDRIAL_PART,7.0,0.000348617721018,True,KEGG_HUNTINGTONS_DISEASE,3.0,0.014642739787,False,"GCAAGGA,MIR-502",3.0,0.000860205511949,True,REACTOME_VIF_MEDIATED_DEGRADATION_OF_APOBEC3G,3.0,0.000336240093711,True,0.00353403023675
111,BIOCARTA_SKP2E2F_PATHWAY,1.0,0.214749632017,False,chr1q41,2.0,0.026733056072,False,KEGG_CELL_CYCLE,3.0,0.00324952647721,True,GO_RNA_BINDING,13.0,9.30136241807e-10,True,KEGG_CELL_CYCLE,3.0,0.00324952647721,True,"ATACTGT,MIR-144",3.0,0.0118947937447,False,REACTOME_TRANSCRIPTIONAL_ACTIVITY_OF_SMAD2_SMAD3_SMAD4_HETEROTRIMER,2.0,0.0103761819773,False,0.00424026462204
112,BIOCARTA_EPHA4_PATHWAY,1.0,0.665705714383,False,chr17q21,5.0,0.0308542752085,False,NABA_ECM_REGULATORS,5.0,0.00620793375687,False,GO_POSITIVE_REGULATION_OF_PROTEIN_METABOLIC_PROCESS,17.0,1.11542065738e-06,True,KEGG_JAK_STAT_SIGNALING_PATHWAY,4.0,0.0127376832196,False,"TTTGTAG,MIR-520D",6.0,0.00345429069504,False,REACTOME_IMMUNE_SYSTEM,9.0,0.00774325231492,False,0.000254157863134
113,BIOCARTA_IL22BP_PATHWAY,2.0,0.00447498176336,False,chr2q36,2.0,0.0577770311136,False,REACTOME_GROWTH_HORMONE_RECEPTOR_SIGNALING,3.0,8.15798687154e-05,True,GO_PROTEIN_LOCALIZATION,18.0,1.63152720986e-11,True,KEGG_LYSOSOME,3.0,0.0107427718712,False,"GTGCCTT,MIR-506",7.0,0.000521112552898,True,REACTOME_GROWTH_HORMONE_RECEPTOR_SIGNALING,3.0,8.15798687154e-05,True,0.0020326029703
114,BIOCARTA_RHO_PATHWAY,2.0,0.048524308117,False,chr5q23,3.0,0.0156655508048,False,KEGG_REGULATION_OF_ACTIN_CYTOSKELETON,5.0,0.00158748930217,False,GO_VESICLE_MEDIATED_TRANSPORT,16.0,2.91816386331e-08,True,KEGG_REGULATION_OF_ACTIN_CYTOSKELETON,5.0,0.00158748930217,False,"TTGGAGA,MIR-515-5P,MIR-519E",4.0,0.005256650413,False,REACTOME_BMAL1_CLOCK_NPAS2_ACTIVATES_CIRCADIAN_EXPRESSION,2.0,0.0613386391655,False,0.000505284942701
115,BIOCARTA_MCALPAIN_PATHWAY,2.0,0.0408335193949,False,chr7p22,3.0,0.0465713298772,False,KEGG_PHENYLALANINE_METABOLISM,2.0,0.0210328833261,False,GO_POLY_A_RNA_BINDING,15.0,1.12951513325e-06,True,KEGG_PHENYLALANINE_METABOLISM,2.0,0.0210328833261,False,"GGCACTT,MIR-519E",4.0,0.004861871594,False,REACTOME_CELL_CYCLE,5.0,0.0698129330743,False,0.000282044514317
116,,,,,chr2p23,2.0,0.0652497367836,False,REACTOME_OTHER_SEMAPHORIN_INTERACTIONS,1.0,0.302167874961,False,GO_RIBONUCLEASE_P_ACTIVITY,2.0,0.000723848008772,True,KEGG_VALINE_LEUCINE_AND_ISOLEUCINE_DEGRADATION,1.0,0.878029228477,False,"TAATGTG,MIR-323",3.0,0.00519867566892,False,REACTOME_OTHER_SEMAPHORIN_INTERACTIONS,1.0,0.302167874961,False,0.00456081063012
117,BIOCARTA_G2_PATHWAY,2.0,0.000819922278378,True,chr10q11,2.0,0.0341510318698,False,REACTOME_G1_S_SPECIFIC_TRANSCRIPTION,2.0,0.00050847455483,True,GO_RNA_BINDING,8.0,3.26077304457e-07,True,KEGG_PATHOGENIC_ESCHERICHIA_COLI_INFECTION,2.0,0.00504948943771,True,"ATAACCT,MIR-154",2.0,0.0055775484574,True,REACTOME_G1_S_SPECIFIC_TRANSCRIPTION,2.0,0.00050847455483,True,0.0114916934983
118,BIOCARTA_CHREBP2_PATHWAY,1.0,0.865333113955,False,chrxq22,2.0,0.0924941002688,False,REACTOME_BIOLOGICAL_OXIDATIONS,2.0,0.127347156105,False,GO_ANCHORED_COMPONENT_OF_PLASMA_MEMBRANE,2.0,0.0124997234439,False,KEGG_WNT_SIGNALING_PATHWAY,2.0,0.149591680103,False,"CCACACA,MIR-147",2.0,0.0268003915509,False,REACTOME_BIOLOGICAL_OXIDATIONS,2.0,0.127347156105,False,0.00439761798736
119,BIOCARTA_FIBRINOLYSIS_PATHWAY,1.0,0.350660544823,False,chr10p15,2.0,0.0545546284034,False,NABA_BASEMENT_MEMBRANES,3.0,0.000253513123325,True,GO_CARBOHYDRATE_DERIVATIVE_METABOLIC_PROCESS,9.0,2.034246691e-05,True,KEGG_ECM_RECEPTOR_INTERACTION,3.0,0.00237236814384,True,"AGGCACT,MIR-515-3P",3.0,0.00281784643046,False,REACTOME_HS_GAG_DEGRADATION,2.0,0.00528432558734,False,0.00270293395301
120,BIOCARTA_SARS_PATHWAY,1.0,0.0521880817455,False,chr16p13,2.0,0.0439984351402,False,BIOCARTA_SARS_PATHWAY,1.0,0.0521880817455,False,GO_POSITIVE_REGULATION_OF_TRANSCRIPTION_FROM_RNA_POLYMERASE_I_PROMOTER,2.0,7.23139390723e-05,True,KEGG_FATTY_ACID_METABOLISM,1.0,0.21865651336,False,"CTGTTAC,MIR-194",1.0,0.554304707253,False,REACTOME_MITOCHONDRIAL_FATTY_ACID_BETA_OXIDATION,1.0,0.073041061101,False,0.0303283730028
121,BIOCARTA_P35ALZHEIMERS_PATHWAY,1.0,0.100388860286,False,chr11q23,2.0,0.0331911422492,False,REACTOME_CELL_CYCLE,4.0,0.000193893076694,True,GO_DNA_METABOLIC_PROCESS,5.0,6.39605709414e-05,True,KEGG_DNA_REPLICATION,2.0,0.00161915205845,True,"TCGATGG,MIR-213",1.0,0.0639199677075,False,REACTOME_CELL_CYCLE,4.0,0.000193893076694,True,0.0136347498338
122,BIOCARTA_CERAMIDE_PATHWAY,2.0,0.0297262399519,False,chr4p15,3.0,0.0230189415588,False,REACTOME_DEVELOPMENTAL_BIOLOGY,6.0,0.00603882215071,False,GO_REGULATION_OF_TRANSCRIPTION_FROM_RNA_POLYMERASE_II_PROMOTER,21.0,3.70153168993e-09,True,KEGG_FC_GAMMA_R_MEDIATED_PHAGOCYTOSIS,3.0,0.0349202975156,False,"GTGCCTT,MIR-506",12.0,1.40892156089e-06,True,REACTOME_DEVELOPMENTAL_BIOLOGY,6.0,0.00603882215071,False,0.000317520014494
123,BIOCARTA_KREB_PATHWAY,1.0,0.446228342566,False,chrxq22,3.0,0.0433789659616,False,REACTOME_ASPARAGINE_N_LINKED_GLYCOSYLATION,2.0,0.305701750451,False,GO_RNA_POLYMERASE_ACTIVITY,3.0,0.00237813778948,False,KEGG_PYRIMIDINE_METABOLISM,2.0,0.439366161765,False,"ATCTTGC,MIR-31",2.0,0.277410625163,False,REACTOME_ASPARAGINE_N_LINKED_GLYCOSYLATION,2.0,0.305701750451,False,0.000486625559135
124,BIOCARTA_EPHA4_PATHWAY,1.0,0.318371799875,False,chr12q23,3.0,0.00469526381738,False,REACTOME_HEMOSTASIS,6.0,0.000305311990914,True,GO_VACUOLE,10.0,1.19071072549e-05,True,KEGG_COMPLEMENT_AND_COAGULATION_CASCADES,3.0,0.00170386461914,True,"GTGCCTT,MIR-506",6.0,0.00361130051743,False,REACTOME_HEMOSTASIS,6.0,0.000305311990914,True,0.00231210118212
125,BIOCARTA_ATRBRCA_PATHWAY,2.0,0.0254255793838,False,chr4q23,2.0,0.045341586155,False,REACTOME_SYNTHESIS_AND_INTERCONVERSION_OF_NUCLEOTIDE_DI_AND_TRIPHOSPHATES,3.0,0.00023524679388,True,GO_CELLULAR_RESPONSE_TO_STRESS,18.0,7.99235424383e-08,True,KEGG_VASOPRESSIN_REGULATED_WATER_REABSORPTION,3.0,0.00309826714625,False,"GTGCCTT,MIR-506",10.0,7.58209055871e-05,True,REACTOME_SYNTHESIS_AND_INTERCONVERSION_OF_NUCLEOTIDE_DI_AND_TRIPHOSPHATES,3.0,0.00023524679388,True,0.000357457615684
126,BIOCARTA_CHEMICAL_PATHWAY,2.0,0.0151000381156,False,chr3q25,2.0,0.209701976795,False,REACTOME_METABOLISM_OF_NUCLEOTIDES,3.0,0.00538092657093,False,GO_ORGANONITROGEN_COMPOUND_METABOLIC_PROCESS,17.0,2.78768507841e-08,True,KEGG_LYSOSOME,3.0,0.0246527275832,False,"CAGTATT,MIR-200B,MIR-200C,MIR-429",6.0,0.00228536901095,False,REACTOME_METABOLISM_OF_NUCLEOTIDES,3.0,0.00538092657093,False,0.000998412206866
127,BIOCARTA_41BB_PATHWAY,3.0,0.000135736184808,True,chr19p13,8.0,0.00103736702985,False,REACTOME_RESPIRATORY_ELECTRON_TRANSPORT_ATP_SYNTHESIS_BY_CHEMIOSMOTIC_COUPLING_AND_HEAT_PRODUCTION_BY_UNCOUPLING_PROTEINS_,5.0,4.06322934586e-05,True,GO_RNA_BINDING,21.0,6.57584942761e-11,True,KEGG_PARKINSONS_DISEASE,5.0,0.000182451524829,True,"ACCAAAG,MIR-9",7.0,0.00152274650656,False,REACTOME_RESPIRATORY_ELECTRON_TRANSPORT_ATP_SYNTHESIS_BY_CHEMIOSMOTIC_COUPLING_AND_HEAT_PRODUCTION_BY_UNCOUPLING_PROTEINS_,5.0,4.06322934586e-05,True,0.000451348531678
128,BIOCARTA_ALK_PATHWAY,2.0,0.0429065289879,False,chr12p11,2.0,0.104350693347,False,PID_BETA_CATENIN_DEG_PATHWAY,3.0,7.80238832463e-05,True,GO_HEART_DEVELOPMENT,9.0,1.04153294337e-06,True,KEGG_BASAL_CELL_CARCINOMA,2.0,0.094017494409,False,"ACCAAAG,MIR-9",7.0,0.000308919128141,True,REACTOME_PPARA_ACTIVATES_GENE_EXPRESSION,3.0,0.0158756290257,False,0.000998412206866
129,BIOCARTA_FEEDER_PATHWAY,1.0,0.570930513969,False,chr2p21,2.0,0.179778521879,False,KEGG_VASCULAR_SMOOTH_MUSCLE_CONTRACTION,5.0,0.000152110659426,True,GO_CYTOSKELETON,18.0,5.07263176841e-06,True,KEGG_VASCULAR_SMOOTH_MUSCLE_CONTRACTION,5.0,0.000152110659426,True,"CACTGCC,MIR-34A,MIR-34C,MIR-449",5.0,0.0103970761737,False,REACTOME_HORMONE_SENSITIVE_LIPASE_HSL_MEDIATED_TRIACYLGLYCEROL_HYDROLYSIS,2.0,0.0103725625403,False,0.000305224897267
130,BIOCARTA_MTA3_PATHWAY,1.0,0.136167947912,False,chr2p14,2.0,0.00190218642546,True,BIOCARTA_MTA3_PATHWAY,1.0,0.136167947912,False,GO_RNA_PROCESSING,4.0,0.000967656325292,True,KEGG_LYSOSOME,1.0,0.857618009715,False,"CATTTCA,MIR-203",2.0,0.0617867705224,False,REACTOME_EGFR_DOWNREGULATION,1.0,0.179051473193,False,0.0177513347113
131,BIOCARTA_TID_PATHWAY,2.0,0.00270400911315,True,chr6p22,2.0,0.236468603958,False,PID_P73PATHWAY,3.0,0.000844565659643,True,GO_NEGATIVE_REGULATION_OF_GENE_EXPRESSION,11.0,1.76960933584e-07,True,KEGG_REGULATION_OF_ACTIN_CYTOSKELETON,3.0,0.0165077923288,False,"TAGGTCA,MIR-192,MIR-215",2.0,0.0168732390668,False,REACTOME_CELL_CYCLE,4.0,0.00777133187072,False,0.00408854159607
132,BIOCARTA_DEATH_PATHWAY,2.0,0.00930706995197,False,chr1p36,3.0,0.214723850645,False,BIOCARTA_DEATH_PATHWAY,2.0,0.00930706995197,False,GO_NUCLEIC_ACID_PHOSPHODIESTER_BOND_HYDROLYSIS,4.0,0.00140128748677,True,KEGG_O_GLYCAN_BIOSYNTHESIS,1.0,0.69728984976,False,"GGTGAAG,MIR-412",2.0,0.031815799434,False,REACTOME_BASE_FREE_SUGAR_PHOSPHATE_REMOVAL_VIA_THE_SINGLE_NUCLEOTIDE_REPLACEMENT_PATHWAY,1.0,0.234203552665,False,0.00380118792284
133,BIOCARTA_ACH_PATHWAY,1.0,0.518082634436,False,chr20p13,2.0,0.157833503472,False,PID_INTEGRIN3_PATHWAY,3.0,0.000435069504209,True,GO_LAMELLIPODIUM,6.0,1.04721147227e-06,True,KEGG_FC_GAMMA_R_MEDIATED_PHAGOCYTOSIS,3.0,0.00498732867613,False,"GTGCAAT,MIR-25,MIR-32,MIR-92,MIR-363,MIR-367",6.0,3.39668028488e-05,True,REACTOME_INTEGRIN_CELL_SURFACE_INTERACTIONS,2.0,0.101641873098,False,0.00222356426706
134,BIOCARTA_EIF2_PATHWAY,1.0,0.328703333206,False,chr5q14,2.0,0.0718801137048,False,REACTOME_TRANSLATION,4.0,0.00221281798522,True,GO_POLY_A_RNA_BINDING,16.0,4.09141921639e-13,True,KEGG_RIBOSOME,2.0,0.106562642354,False,"AGCACTT,MIR-93,MIR-302A,MIR-302B,MIR-302C,MIR-302D,MIR-372,MIR-373,MIR-520E,MIR-520A,MIR-526B,MIR-520B,MIR-520C,MIR-520D",5.0,0.00071959502337,True,REACTOME_TRANSLATION,4.0,0.00221281798522,True,0.00259943094212
135,BIOCARTA_ALK_PATHWAY,2.0,0.0772969298431,False,chr16p13,5.0,0.0191901512241,False,REACTOME_ADENYLATE_CYCLASE_INHIBITORY_PATHWAY,2.0,0.00934341113574,False,GO_HYDROLASE_ACTIVITY_ACTING_ON_ACID_ANHYDRIDES,11.0,2.64579905071e-05,True,KEGG_PURINE_METABOLISM,4.0,0.00951116614889,False,"TGGTGCT,MIR-29A,MIR-29B,MIR-29C",8.0,0.00033991861174,True,REACTOME_ADENYLATE_CYCLASE_INHIBITORY_PATHWAY,2.0,0.00934341113574,False,0.000371856779475
136,BIOCARTA_FIBRINOLYSIS_PATHWAY,1.0,0.0938792936887,False,chr8q,1.0,0.0860663172139,False,PID_P53_DOWNSTREAM_PATHWAY,2.0,0.0171294948777,False,GO_NEGATIVE_REGULATION_OF_STEROID_METABOLIC_PROCESS,2.0,0.000515873370034,True,KEGG_NON_HOMOLOGOUS_END_JOINING,1.0,0.109499635245,False,"TGTTTAC,MIR-30A-5P,MIR-30C,MIR-30D,MIR-30B,MIR-30E-5P",3.0,0.0120642669414,True,REACTOME_REMOVAL_OF_THE_FLAP_INTERMEDIATE_FROM_THE_C_STRAND,1.0,0.0782514697307,False,0.0161496317806
137,BIOCARTA_PITX2_PATHWAY,1.0,0.107547793772,False,chr6p23,1.0,0.179051473193,False,PID_TGFBR_PATHWAY,2.0,0.00230441082081,True,GO_RNA_POLYMERASE_II_ACTIVATING_TRANSCRIPTION_FACTOR_BINDING,2.0,0.000980057244242,True,KEGG_CIRCADIAN_RHYTHM_MAMMAL,1.0,0.0932283681981,False,"CAGCAGG,MIR-370",3.0,0.00018261033635,True,REACTOME_TGF_BETA_RECEPTOR_SIGNALING_IN_EMT_EPITHELIAL_TO_MESENCHYMAL_TRANSITION,1.0,0.114705168977,False,0.0177513347113
138,BIOCARTA_RANMS_PATHWAY,1.0,0.337764796154,False,chr1p34,3.0,0.0427988095681,False,REACTOME_CELL_CYCLE_CHECKPOINTS,5.0,9.28759960344e-06,True,GO_REGULATION_OF_CELL_DEATH,13.0,2.11028059888e-07,True,KEGG_CELL_CYCLE,4.0,0.000420395514548,True,"TGAATGT,MIR-181A,MIR-181B,MIR-181C,MIR-181D",5.0,0.00658300891355,False,REACTOME_CELL_CYCLE_CHECKPOINTS,5.0,9.28759960344e-06,True,0.0020326029703
139,BIOCARTA_RANMS_PATHWAY,1.0,0.582424304842,False,chr11p13,2.0,0.181064640936,False,REACTOME_ADAPTIVE_IMMUNE_SYSTEM,7.0,0.00284255029752,False,GO_NEGATIVE_REGULATION_OF_CELL_COMMUNICATION,15.0,3.3121164973e-07,True,KEGG_PHOSPHATIDYLINOSITOL_SIGNALING_SYSTEM,3.0,0.0138124844064,False,"TACTTGA,MIR-26A,MIR-26B",6.0,0.000867998521049,False,REACTOME_ADAPTIVE_IMMUNE_SYSTEM,7.0,0.00284255029752,False,0.00041862884763
140,BIOCARTA_MAPK_PATHWAY,3.0,0.000338742996878,True,chr4q11,2.0,0.000651704041673,True,PID_P38_MK2_PATHWAY,3.0,4.34302518206e-06,True,GO_ENDOCRINE_SYSTEM_DEVELOPMENT,5.0,1.22889505165e-07,True,KEGG_MAPK_SIGNALING_PATHWAY,4.0,0.000271288732651,True,"CGCAAAA,MIR-450",2.0,0.000258209988472,True,REACTOME_SIGNALING_BY_PDGF,3.0,0.00093282440535,True,0.00684188085333
141,BIOCARTA_MTA3_PATHWAY,1.0,0.320908133802,False,chr7p12,1.0,0.505185698532,False,REACTOME_METABOLISM_OF_RNA,4.0,0.00103354150933,True,GO_RIBONUCLEOPROTEIN_COMPLEX,9.0,4.04788638969e-09,True,KEGG_GLYOXYLATE_AND_DICARBOXYLATE_METABOLISM,1.0,0.27045879801,False,"AAGGGAT,MIR-188",2.0,0.0249800451528,False,REACTOME_METABOLISM_OF_RNA,4.0,0.00103354150933,True,0.00584079120102
142,BIOCARTA_MCM_PATHWAY,3.0,3.46220511006e-06,True,chr6q,1.0,0.114060871712,False,REACTOME_G2_M_CHECKPOINTS,5.0,1.12384979511e-09,True,GO_CELL_CYCLE,13.0,9.30994639373e-13,True,KEGG_CELL_CYCLE,4.0,2.08208482432e-05,True,"ACATATC,MIR-190",2.0,0.0147968995233,False,REACTOME_G2_M_CHECKPOINTS,5.0,1.12384979511e-09,True,0.00615705391336
143,,,,,chr2p22,1.0,0.32743960026,False,KEGG_RIBOSOME,3.0,1.6954532939e-05,True,GO_ESTABLISHMENT_OF_PROTEIN_LOCALIZATION_TO_ENDOPLASMIC_RETICULUM,3.0,2.80915052972e-05,True,KEGG_RIBOSOME,3.0,1.6954532939e-05,True,,,,,REACTOME_PEPTIDE_CHAIN_ELONGATION,3.0,8.9852340977e-05,True,0.0234517902839
144,,,,,chr17p12,1.0,0.61420251022,False,REACTOME_TRIGLYCERIDE_BIOSYNTHESIS,2.0,0.00592021588033,True,GO_SNAP_RECEPTOR_ACTIVITY,2.0,0.00592021588033,True,KEGG_OTHER_GLYCAN_DEGRADATION,1.0,0.260098944848,False,"CACTGTG,MIR-128A,MIR-128B",2.0,0.431712676318,False,REACTOME_TRIGLYCERIDE_BIOSYNTHESIS,2.0,0.00592021588033,True,0.00615705391336
145,BIOCARTA_PROTEASOME_PATHWAY,2.0,0.0564042376892,False,chr2q31,3.0,0.0842824886221,False,BIOCARTA_PROTEASOME_PATHWAY,2.0,0.0564042376892,False,GO_CILIUM_MORPHOGENESIS,7.0,1.59701058273e-05,True,KEGG_PROTEASOME,2.0,0.163387871861,False,"GTACTGT,MIR-101",3.0,0.640078715907,False,REACTOME_AMINO_ACID_TRANSPORT_ACROSS_THE_PLASMA_MEMBRANE,2.0,0.0690770268813,False,0.000237115974065
146,BIOCARTA_RB_PATHWAY,2.0,0.00217884304756,True,chr4q23,1.0,0.811979909226,False,REACTOME_METABOLISM_OF_NUCLEOTIDES,4.0,2.35743608533e-05,True,GO_ORGANONITROGEN_COMPOUND_METABOLIC_PROCESS,18.0,7.83004361756e-13,True,KEGG_PURINE_METABOLISM,4.0,0.000552124834261,True,"GTACAGG,MIR-486",2.0,0.0448987272966,False,REACTOME_METABOLISM_OF_NUCLEOTIDES,4.0,2.35743608533e-05,True,0.00270293395301
147,,,,,chr4q33,1.0,0.0313230709239,True,REACTOME_VEGF_LIGAND_RECEPTOR_INTERACTIONS,1.0,0.0261042632536,True,GO_INDUCTION_OF_POSITIVE_CHEMOTAXIS,1.0,0.0339322191861,False,KEGG_PYRUVATE_METABOLISM,1.0,0.104314845553,False,"GTCAGGA,MIR-378",1.0,0.153768986262,False,REACTOME_VEGF_LIGAND_RECEPTOR_INTERACTIONS,1.0,0.0261042632536,True,0.0339322191861
148,BIOCARTA_LECTIN_PATHWAY,1.0,0.0704347508384,False,chr1p33,1.0,0.298333638233,False,REACTOME_CREATION_OF_C4_AND_C2_ACTIVATORS,1.0,0.0587058435553,False,GO_REGULATION_OF_PROTEIN_MATURATION,2.0,0.00336913735186,True,KEGG_GLYCOSYLPHOSPHATIDYLINOSITOL_GPI_ANCHOR_BIOSYNTHESIS,1.0,0.146573150526,False,"ACACTCC,MIR-122A",1.0,0.437811175504,False,REACTOME_CREATION_OF_C4_AND_C2_ACTIVATORS,1.0,0.0587058435553,False,0.0234517902839
149,BIOCARTA_ARAP_PATHWAY,2.0,0.0348452655139,False,chr12q24,4.0,0.261093484347,False,REACTOME_IMMUNE_SYSTEM,12.0,0.00040896974103,False,GO_PROTEIN_LOCALIZATION,22.0,1.99231955385e-07,True,KEGG_PROTEASOME,3.0,0.0102222897463,False,"CTTTGTA,MIR-524",8.0,0.00098598255162,False,REACTOME_IMMUNE_SYSTEM,12.0,0.00040896974103,False,9.08867142065e-05
150,BIOCARTA_CHREBP2_PATHWAY,2.0,0.00254913388628,True,chr17q24,1.0,0.543779957874,False,BIOCARTA_CHREBP2_PATHWAY,2.0,0.00254913388628,True,GO_PROTEIN_PHOSPHATASE_TYPE_2A_REGULATOR_ACTIVITY,3.0,1.11842274073e-06,True,,,,,"GGGGCCC,MIR-296",1.0,0.716603285259,False,REACTOME_CELL_CYCLE_MITOTIC,3.0,0.00449112769262,True,0.0114916934983
151,BIOCARTA_CHREBP2_PATHWAY,1.0,0.489790277841,False,chr3p21,2.0,0.149416217184,False,REACTOME_GLUCOSE_METABOLISM,2.0,0.0100402310365,False,GO_PHOSPHOPROTEIN_PHOSPHATASE_ACTIVITY,3.0,0.00134001241586,True,KEGG_RIBOFLAVIN_METABOLISM,1.0,0.187485151681,False,"GTGCCTT,MIR-506",3.0,0.0808382649628,False,REACTOME_GLUCOSE_METABOLISM,2.0,0.0100402310365,False,0.00918639676661
152,,,,,chr17q25,1.0,0.424917297109,False,KEGG_PROXIMAL_TUBULE_BICARBONATE_RECLAMATION,1.0,0.0450215245306,False,GO_CYTOPLASMIC_MRNA_PROCESSING_BODY_ASSEMBLY,1.0,0.0254524873374,True,KEGG_PROXIMAL_TUBULE_BICARBONATE_RECLAMATION,1.0,0.0450215245306,False,,,,,REACTOME_SULFUR_AMINO_ACID_METABOLISM,1.0,0.0469779596773,False,0.0313240931016
153,,,,,chr8q22,2.0,0.253755448306,False,KEGG_VALINE_LEUCINE_AND_ISOLEUCINE_BIOSYNTHESIS,2.0,0.00293175739503,False,GO_POLY_A_RNA_BINDING,10.0,0.000106876786463,True,KEGG_VALINE_LEUCINE_AND_ISOLEUCINE_BIOSYNTHESIS,2.0,0.00293175739503,False,"ACACTCC,MIR-122A",3.0,0.00441963115401,False,REACTOME_MITOCHONDRIAL_TRNA_AMINOACYLATION,2.0,0.0110970481996,False,0.0013125584954
154,BIOCARTA_AKAP95_PATHWAY,1.0,0.171906242725,False,chr12q13,2.0,0.289308022257,False,REACTOME_DOUBLE_STRAND_BREAK_REPAIR,3.0,5.74350380817e-06,True,GO_CHROMOSOME_ORGANIZATION,10.0,3.8046505151e-10,True,KEGG_MELANOGENESIS,2.0,0.0328389798121,False,"TCCGTCC,MIR-184",1.0,0.186189240786,False,REACTOME_DOUBLE_STRAND_BREAK_REPAIR,3.0,5.74350380817e-06,True,0.00721234980551
155,BIOCARTA_PROTEASOME_PATHWAY,2.0,0.00784743074502,False,chr15q26,2.0,0.150394454001,False,BIOCARTA_PROTEASOME_PATHWAY,2.0,0.00784743074502,False,GO_RNA_BINDING,11.0,1.78008755289e-06,True,KEGG_PROTEASOME,2.0,0.0231680603832,False,"TTTGCAG,MIR-518A-2",2.0,0.413416900053,False,REACTOME_CROSS_PRESENTATION_OF_SOLUBLE_EXOGENOUS_ANTIGENS_ENDOSOMES,2.0,0.0231680603832,False,0.00340757733601
156,BIOCARTA_PYK2_PATHWAY,2.0,0.0364979550265,False,chr12q14,2.0,0.162183021483,False,KEGG_ALZHEIMERS_DISEASE,4.0,0.00552621880189,False,GO_ENVELOPE,13.0,8.06131285804e-07,True,KEGG_ALZHEIMERS_DISEASE,4.0,0.00552621880189,False,"ATGTACA,MIR-493",7.0,2.84857361912e-05,True,REACTOME_DOWNSTREAM_SIGNAL_TRANSDUCTION,3.0,0.016177704918,False,0.000731275487574
157,BIOCARTA_EPHA4_PATHWAY,1.0,0.123813280537,False,chr17p13,2.0,0.193458538235,False,REACTOME_3_UTR_MEDIATED_TRANSLATIONAL_REGULATION,4.0,2.31109287342e-05,True,GO_RNA_BINDING,12.0,3.61835798842e-12,True,KEGG_RIBOSOME,3.0,0.000192888352575,True,"AGTCAGC,MIR-345",1.0,0.735652337098,False,REACTOME_3_UTR_MEDIATED_TRANSLATIONAL_REGULATION,4.0,2.31109287342e-05,True,0.00876205607052
158,BIOCARTA_ERK_PATHWAY,3.0,0.000398406053913,True,chr6q21,3.0,0.0124392936724,False,PID_ANTHRAX_PATHWAY,3.0,8.37725056249e-05,True,GO_REGULATION_OF_PROTEIN_MODIFICATION_PROCESS,19.0,7.43575876453e-10,True,KEGG_CYTOKINE_CYTOKINE_RECEPTOR_INTERACTION,5.0,0.00236888391227,False,"TGCACTT,MIR-519C,MIR-519B,MIR-519A",7.0,0.000268587928935,True,REACTOME_DCC_MEDIATED_ATTRACTIVE_SIGNALING,2.0,0.006078198431,False,0.000765227166877
159,,,,,chr5q35,2.0,0.00135432826515,True,REACTOME_O_LINKED_GLYCOSYLATION_OF_MUCINS,1.0,0.115399534276,False,GO_REGULATION_OF_LYMPHOCYTE_MIGRATION,1.0,0.0743591077496,False,,,,,"GACAATC,MIR-219",1.0,0.279186017883,False,REACTOME_O_LINKED_GLYCOSYLATION_OF_MUCINS,1.0,0.115399534276,False,0.0313240931016
160,BIOCARTA_MCALPAIN_PATHWAY,2.0,0.0353723964709,False,chr7p12,2.0,0.0509535720821,False,KEGG_ALZHEIMERS_DISEASE,6.0,3.9702742017e-05,True,GO_NUCLEOPLASM_PART,14.0,5.42498406633e-09,True,KEGG_ALZHEIMERS_DISEASE,6.0,3.9702742017e-05,True,"AACTGGA,MIR-145",9.0,3.92486641375e-08,True,REACTOME_TCA_CYCLE_AND_RESPIRATORY_ELECTRON_TRANSPORT,5.0,0.000317739649023,True,0.000371856779475
161,BIOCARTA_AHSP_PATHWAY,1.0,0.270467592833,False,chr5q,1.0,0.125126090188,False,REACTOME_METABOLISM_OF_MRNA,5.0,4.58510197767e-05,True,GO_RIBOSOME,6.0,3.23313407514e-07,True,KEGG_RIBOSOME,3.0,0.000969703864856,True,"ACAACTT,MIR-382",2.0,0.0349383592573,False,REACTOME_METABOLISM_OF_MRNA,5.0,4.58510197767e-05,True,0.00439761798736
162,BIOCARTA_KREB_PATHWAY,1.0,0.0208847740003,True,chr7q32,1.0,0.187570660183,False,BIOCARTA_KREB_PATHWAY,1.0,0.0208847740003,True,GO_NUCLEOBASE_CONTAINING_SMALL_MOLECULE_METABOLIC_PROCESS,2.0,0.0239747143978,True,KEGG_GLYOXYLATE_AND_DICARBOXYLATE_METABOLISM,1.0,0.0417586417563,False,,,,,REACTOME_GLUCONEOGENESIS,1.0,0.088684987933,False,0.0339322191861
163,BIOCARTA_PML_PATHWAY,2.0,0.00215255376751,True,chr20q12,2.0,0.0198645112086,False,PID_IL6_7_PATHWAY,3.0,0.000176001144246,True,GO_KINASE_BINDING,9.0,1.33325463145e-08,True,KEGG_PATHWAYS_IN_CANCER,4.0,0.0029933845989,True,"AAGCACA,MIR-218",4.0,0.00627694913346,False,REACTOME_IMMUNE_SYSTEM,5.0,0.017474248711,False,0.00408854159607
164,,,,,chr1p35,3.0,0.0278064668589,False,KEGG_ALZHEIMERS_DISEASE,5.0,0.000266498889137,True,GO_MITOCHONDRION,11.0,0.00200770243657,False,KEGG_ALZHEIMERS_DISEASE,5.0,0.000266498889137,True,"TTGCACT,MIR-130A,MIR-301,MIR-130B",7.0,0.000134981825771,True,REACTOME_TCA_CYCLE_AND_RESPIRATORY_ELECTRON_TRANSPORT,4.0,0.00261438130202,False,0.000765227166877
165,BIOCARTA_BCELLSURVIVAL_PATHWAY,2.0,0.00700107732507,False,chr1p31,3.0,0.0278309523048,False,REACTOME_DNA_REPAIR,4.0,0.000605365144671,True,GO_DNA_METABOLIC_PROCESS,13.0,1.35354574325e-09,True,KEGG_NON_HOMOLOGOUS_END_JOINING,2.0,0.00531885635462,False,"TCTATGA,MIR-376A,MIR-376B",4.0,0.000193732218885,True,REACTOME_DNA_REPAIR,4.0,0.000605365144671,True,0.00116734873361
166,,,,,chr19q13,2.0,0.0127527715476,True,REACTOME_GENERIC_TRANSCRIPTION_PATHWAY,1.0,0.457814946986,False,GO_NEGATIVE_REGULATION_OF_FIBROBLAST_GROWTH_FACTOR_RECEPTOR_SIGNALING_PATHWAY,1.0,0.0143600006664,True,,,,,,,,,REACTOME_GENERIC_TRANSCRIPTION_PATHWAY,1.0,0.457814946986,False,0.0261065351908
167,BIOCARTA_RNA_PATHWAY,1.0,0.0782514697307,False,chr17q,1.0,0.12511249768,False,PID_PTP1B_PATHWAY,2.0,0.0024683879662,True,GO_POLY_A_RNA_BINDING,8.0,2.33799787775e-09,True,KEGG_PROTEIN_EXPORT,1.0,0.187489221156,False,"TATCTGG,MIR-488",1.0,0.482151564515,False,REACTOME_SRP_DEPENDENT_COTRANSLATIONAL_PROTEIN_TARGETING_TO_MEMBRANE,2.0,0.0291147145508,False,0.0161496317806
168,BIOCARTA_MTOR_PATHWAY,2.0,0.0105030100314,False,chr2p22,2.0,0.0623337221692,False,REACTOME_CELL_CYCLE_MITOTIC,8.0,1.57075685072e-07,True,GO_CELL_CYCLE_PROCESS,14.0,7.78586441505e-10,True,KEGG_UBIQUITIN_MEDIATED_PROTEOLYSIS,3.0,0.0185992688227,False,"TGAATGT,MIR-181A,MIR-181B,MIR-181C,MIR-181D",7.0,5.41525149034e-05,True,REACTOME_CELL_CYCLE_MITOTIC,8.0,1.57075685072e-07,True,0.00177646583821
169,BIOCARTA_SKP2E2F_PATHWAY,1.0,0.331301731533,False,chr2q21,2.0,0.167276046978,False,KEGG_UBIQUITIN_MEDIATED_PROTEOLYSIS,4.0,0.000522952068131,True,GO_PROTEIN_MODIFICATION_BY_SMALL_PROTEIN_CONJUGATION_OR_REMOVAL,11.0,7.81042298063e-08,True,KEGG_UBIQUITIN_MEDIATED_PROTEOLYSIS,4.0,0.000522952068131,True,"GCAAAAA,MIR-129",4.0,0.00157582138861,True,REACTOME_ANTIGEN_PROCESSING_UBIQUITINATION_PROTEASOME_DEGRADATION,4.0,0.00278446118753,False,0.00212594057628
170,BIOCARTA_PPARA_PATHWAY,3.0,4.60739438422e-05,True,chr19q12,1.0,0.292458688554,False,REACTOME_INFLUENZA_LIFE_CYCLE,4.0,3.23236484807e-05,True,GO_RNA_BINDING,10.0,2.55786816851e-09,True,KEGG_RIBOSOME,2.0,0.0163107504405,False,"ATATGCA,MIR-448",2.0,0.0926003667586,False,REACTOME_INFLUENZA_LIFE_CYCLE,4.0,3.23236484807e-05,True,0.00918639676661
171,BIOCARTA_CFTR_PATHWAY,1.0,0.0547956971836,False,chr6q22,1.0,0.431455961359,False,REACTOME_TRANSLATION,2.0,0.0144037176718,True,GO_RNA_BINDING,6.0,3.56939423122e-07,True,KEGG_SELENOAMINO_ACID_METABOLISM,1.0,0.118615564043,False,"GGCAGAC,MIR-346",1.0,0.195954352314,False,REACTOME_TRANSLATION,2.0,0.0144037176718,True,0.0396538255232
172,BIOCARTA_DNAFRAGMENT_PATHWAY,1.0,0.710461603894,False,chr9p12,2.0,0.131405154414,False,PID_FANCONI_PATHWAY,3.0,0.00601110915496,False,GO_PROTEOLYSIS,19.0,2.4816460564e-09,True,KEGG_PROTEASOME,2.0,0.178803962874,False,"ACACTGG,MIR-199A,MIR-199B",4.0,0.0171369638685,False,REACTOME_DNA_REPLICATION,4.0,0.036209897874,False,0.000199344366945
173,BIOCARTA_CHREBP2_PATHWAY,1.0,0.245878948002,False,chr8p12,1.0,0.292509401417,False,KEGG_TIGHT_JUNCTION,2.0,0.00899253104287,True,GO_RESPONSE_TO_AMINO_ACID,3.0,3.51315514275e-05,True,KEGG_TIGHT_JUNCTION,2.0,0.00899253104287,True,"GTGCCAT,MIR-183",2.0,0.0153004254792,True,REACTOME_ERKS_ARE_INACTIVATED,1.0,0.0704347508384,False,0.0234517902839
174,BIOCARTA_ALK_PATHWAY,2.0,0.0217271255425,False,chr20p12,2.0,0.0727663852848,False,NABA_MATRISOME,7.0,0.00311995619302,False,GO_REGULATION_OF_CELL_MORPHOGENESIS_INVOLVED_IN_DIFFERENTIATION,7.0,2.11982381617e-06,True,KEGG_AXON_GUIDANCE,3.0,0.0108666907733,False,"GTGCCTT,MIR-506",6.0,0.00361130051743,False,REACTOME_HS_GAG_DEGRADATION,2.0,0.00627058901109,False,0.00231210118212
175,,,,,chr3p21,2.0,0.149416217184,False,REACTOME_TRANSPORT_OF_VITAMINS_NUCLEOSIDES_AND_RELATED_MOLECULES,1.0,0.362247002056,False,GO_CARBOHYDRATE_DERIVATIVE_TRANSPORTER_ACTIVITY,2.0,0.00256660079212,True,,,,,"CCCACAT,MIR-299-3P",1.0,0.628337116559,False,REACTOME_TRANSPORT_OF_VITAMINS_NUCLEOSIDES_AND_RELATED_MOLECULES,1.0,0.362247002056,False,0.00918639676661
176,BIOCARTA_SPRY_PATHWAY,2.0,0.0268071841187,False,chr5q11,2.0,0.280741506476,False,PID_IFNG_PATHWAY,4.0,8.87268331674e-05,True,GO_ENZYME_BINDING,26.0,2.83980369231e-12,True,KEGG_NEUROTROPHIN_SIGNALING_PATHWAY,5.0,0.000475272165758,False,"GTGCCTT,MIR-506",12.0,7.76093464106e-06,True,REACTOME_INSULIN_RECEPTOR_SIGNALLING_CASCADE,4.0,0.00197711821347,False,0.00017581620516
177,,,,,chr3q11,1.0,0.171908108857,False,REACTOME_RESPIRATORY_ELECTRON_TRANSPORT,2.0,0.00476611123201,True,GO_ORGANELLE_SUBCOMPARTMENT,2.0,0.0723450361995,False,KEGG_PARKINSONS_DISEASE,2.0,0.0134836001773,True,,,,,REACTOME_RESPIRATORY_ELECTRON_TRANSPORT,2.0,0.00476611123201,True,0.0177513347113
178,,,,,chr16q12,2.0,0.0928185314506,False,REACTOME_TCA_CYCLE_AND_RESPIRATORY_ELECTRON_TRANSPORT,3.0,0.0231292186936,False,GO_MITOCHONDRION,13.0,2.92612443689e-06,True,KEGG_PARKINSONS_DISEASE,2.0,0.370822099331,False,"CTACCTC,LET-7A,LET-7B,LET-7C,LET-7D,LET-7E,LET-7F,MIR-98,LET-7G,LET-7I",5.0,0.00412479975685,False,REACTOME_TCA_CYCLE_AND_RESPIRATORY_ELECTRON_TRANSPORT,3.0,0.0231292186936,False,0.00155260565907
179,BIOCARTA_IL4_PATHWAY,1.0,0.200472236009,False,chr14q22,2.0,0.0371582027723,False,KEGG_FOCAL_ADHESION,3.0,0.00747286984908,False,GO_POSITIVE_REGULATION_OF_BIOSYNTHETIC_PROCESS,10.0,1.75436818771e-06,True,KEGG_FOCAL_ADHESION,3.0,0.00747286984908,False,"GTGACTT,MIR-224",3.0,0.00367872451466,True,REACTOME_INTEGRIN_CELL_SURFACE_INTERACTIONS,2.0,0.032140956874,False,0.00525616670216
180,BIOCARTA_G1_PATHWAY,3.0,3.59017866205e-05,True,chr20q11,2.0,0.181667671889,False,PID_E2F_PATHWAY,4.0,8.30554094293e-06,True,GO_ENZYME_BINDING,13.0,4.07288572403e-09,True,KEGG_PATHWAYS_IN_CANCER,4.0,0.0029933845989,True,"TAGCTTT,MIR-9",4.0,0.000835681440215,True,REACTOME_G0_AND_EARLY_G1,3.0,2.5244055041e-05,True,0.00408854159607
181,BIOCARTA_ETC_PATHWAY,1.0,0.132916125255,False,chr17p12,1.0,0.419002076898,False,KEGG_RIBOSOME,5.0,4.18219383721e-09,True,GO_RIBONUCLEOPROTEIN_COMPLEX_BIOGENESIS,10.0,3.21229136004e-15,True,KEGG_RIBOSOME,5.0,4.18219383721e-09,True,"TTGCCAA,MIR-182",2.0,0.191905881278,False,REACTOME_METABOLISM_OF_PROTEINS,7.0,1.17485825681e-08,True,0.0092950625021
182,BIOCARTA_CCR3_PATHWAY,2.0,0.0170028661676,False,chr11p,1.0,0.408801462812,False,REACTOME_CYTOKINE_SIGNALING_IN_IMMUNE_SYSTEM,7.0,5.8620196591e-06,True,GO_ENZYME_BINDING,19.0,2.57337654582e-10,True,KEGG_LEUKOCYTE_TRANSENDOTHELIAL_MIGRATION,4.0,0.000996620268552,False,"GTGTCAA,MIR-514",3.0,0.00342961452084,False,REACTOME_CYTOKINE_SIGNALING_IN_IMMUNE_SYSTEM,7.0,5.8620196591e-06,True,0.000960145826725
183,,,,,chr12p,1.0,0.132276071357,False,REACTOME_NEURONAL_SYSTEM,5.0,2.51582294722e-05,True,GO_PROTEIN_LOCALIZATION,10.0,2.58313317338e-06,True,KEGG_SNARE_INTERACTIONS_IN_VESICULAR_TRANSPORT,2.0,0.00799532122918,False,"CACTGCC,MIR-34A,MIR-34C,MIR-449",3.0,0.0218131649977,False,REACTOME_NEURONAL_SYSTEM,5.0,2.51582294722e-05,True,0.00498617888637
184,BIOCARTA_UCALPAIN_PATHWAY,1.0,0.152416192568,False,chr1q32,2.0,0.0423067853871,False,REACTOME_SLBP_DEPENDENT_PROCESSING_OF_REPLICATION_DEPENDENT_HISTONE_PRE_MRNAS,1.0,0.0932283682012,False,GO_METHYLOSOME,2.0,0.000146023148013,True,KEGG_ABC_TRANSPORTERS,1.0,0.37131131232,False,"GTATTAT,MIR-369-3P",2.0,0.0457272692537,False,REACTOME_SLBP_DEPENDENT_PROCESSING_OF_REPLICATION_DEPENDENT_HISTONE_PRE_MRNAS,1.0,0.0932283682012,False,0.0150165601818
185,BIOCARTA_BARRESTIN_PATHWAY,1.0,0.595250663998,False,chr8q13,3.0,0.00597858954725,False,REACTOME_METAL_ION_SLC_TRANSPORTERS,2.0,0.0267642573076,False,GO_IDENTICAL_PROTEIN_BINDING,12.0,0.00016353480153,True,KEGG_PYRIMIDINE_METABOLISM,2.0,0.499065294479,False,"GTGCCAA,MIR-96",7.0,8.22649342867e-05,True,REACTOME_METAL_ION_SLC_TRANSPORTERS,2.0,0.0267642573076,False,0.000386835972643
186,BIOCARTA_ATM_PATHWAY,1.0,0.182293086333,False,chrxq12,1.0,0.263988936515,False,REACTOME_FATTY_ACID_TRIACYLGLYCEROL_AND_KETONE_BODY_METABOLISM,2.0,0.0352344599459,False,GO_ENVELOPE,5.0,0.000373775579064,True,KEGG_ONE_CARBON_POOL_BY_FOLATE,1.0,0.155014854724,False,"TGCACTG,MIR-148A,MIR-152,MIR-148B",2.0,0.112976603782,False,REACTOME_FATTY_ACID_TRIACYLGLYCEROL_AND_KETONE_BODY_METABOLISM,2.0,0.0352344599459,False,0.0136347498338
187,BIOCARTA_SODD_PATHWAY,1.0,0.428114750195,False,chr4p14,2.0,0.041434436631,False,REACTOME_MEMBRANE_TRAFFICKING,4.0,0.00111949294654,True,GO_CYTOSKELETON,17.0,5.19595220351e-08,True,KEGG_ENDOCYTOSIS,3.0,0.0709197376635,False,"CTTTGCA,MIR-527",7.0,1.51119114925e-06,True,REACTOME_MEMBRANE_TRAFFICKING,4.0,0.00111949294654,True,0.00112260748336
188,BIOCARTA_MEF2D_PATHWAY,2.0,0.0124997044651,False,chr12q13,3.0,0.237069233525,False,REACTOME_REGULATION_OF_MRNA_STABILITY_BY_PROTEINS_THAT_BIND_AU_RICH_ELEMENTS,3.0,0.00560908720754,False,GO_RNA_BINDING,18.0,3.48287897738e-11,True,KEGG_PROTEASOME,2.0,0.0545727490876,False,"GCACTTT,MIR-17-5P,MIR-20A,MIR-106A,MIR-106B,MIR-20B,MIR-519D",9.0,2.37324044982e-06,True,REACTOME_REGULATION_OF_MRNA_STABILITY_BY_PROTEINS_THAT_BIND_AU_RICH_ELEMENTS,3.0,0.00560908720754,False,0.00141926676961
189,BIOCARTA_STATHMIN_PATHWAY,1.0,0.333185572191,False,chr3q28,1.0,0.437659706082,False,NABA_MATRISOME,5.0,0.00892004126049,False,GO_GROWTH_FACTOR_BINDING,3.0,0.00156636182829,True,KEGG_VASCULAR_SMOOTH_MUSCLE_CONTRACTION,2.0,0.0627456074236,False,"ACCAAAG,MIR-9",3.0,0.0919892863183,False,REACTOME_GOLGI_ASSOCIATED_VESICLE_BIOGENESIS,2.0,0.0134897515097,False,0.00554077361251
190,BIOCARTA_AKAPCENTROSOME_PATHWAY,1.0,0.379684250972,False,chr3q24,1.0,0.779519749357,False,REACTOME_MITOTIC_M_M_G1_PHASES,3.0,0.0127920106462,False,GO_ORGANONITROGEN_COMPOUND_METABOLIC_PROCESS,10.0,5.4750682749e-05,True,KEGG_GLYCOSAMINOGLYCAN_BIOSYNTHESIS_CHONDROITIN_SULFATE,1.0,0.55526394807,False,"GTGCCTT,MIR-506",4.0,0.0987873446975,False,REACTOME_MITOTIC_M_M_G1_PHASES,3.0,0.0127920106462,False,0.00340757733601
191,,,,,chr14q24,1.0,0.27723970717,False,KEGG_BIOSYNTHESIS_OF_UNSATURATED_FATTY_ACIDS,1.0,0.0430650042015,False,GO_PALMITOYL_COA_HYDROLASE_ACTIVITY,1.0,0.0234951150009,True,KEGG_BIOSYNTHESIS_OF_UNSATURATED_FATTY_ACIDS,1.0,0.0430650042015,False,,,,,,,,,0.0313240931016
192,,,,,chr6p21,3.0,0.00167184331119,True,KEGG_RIBOSOME,6.0,8.68799571848e-15,True,GO_ESTABLISHMENT_OF_PROTEIN_LOCALIZATION_TO_ENDOPLASMIC_RETICULUM,6.0,2.43187016279e-14,True,KEGG_RIBOSOME,6.0,8.68799571848e-15,True,"GGGATGC,MIR-324-5P",1.0,0.227749830421,False,REACTOME_PEPTIDE_CHAIN_ELONGATION,6.0,2.58324988425e-13,True,0.0396538255232
193,BIOCARTA_GLYCOLYSIS_PATHWAY,1.0,0.659306993843,False,chr3q29,2.0,0.338102062566,False,REACTOME_MRNA_DECAY_BY_3_TO_5_EXORIBONUCLEASE,2.0,0.00794437541212,False,GO_CATABOLIC_PROCESS,18.0,2.05262787252e-06,True,KEGG_RNA_DEGRADATION,3.0,0.00945842011987,False,"TGCTGCT,MIR-15A,MIR-16,MIR-15B,MIR-195,MIR-424,MIR-497",9.0,0.000246173168019,True,REACTOME_MRNA_DECAY_BY_3_TO_5_EXORIBONUCLEASE,2.0,0.00794437541212,False,0.000263132758976
194,BIOCARTA_ACTINY_PATHWAY,1.0,0.20824889234,False,chr12q,1.0,0.197868717321,False,REACTOME_ACTIVATION_OF_THE_AP1_FAMILY_OF_TRANSCRIPTION_FACTORS,1.0,0.104294441402,False,GO_INTRACELLULAR_SIGNAL_TRANSDUCTION,7.0,1.41474868837e-05,True,KEGG_AMYOTROPHIC_LATERAL_SCLEROSIS_ALS,1.0,0.548899296049,False,"TTTGTAG,MIR-520D",3.0,0.00606370212947,True,REACTOME_ACTIVATION_OF_THE_AP1_FAMILY_OF_TRANSCRIPTION_FACTORS,1.0,0.104294441402,False,0.0103409161207
195,,,,,chr5q11,2.0,0.243825936089,False,REACTOME_SMOOTH_MUSCLE_CONTRACTION,2.0,0.0449657092543,False,GO_POSITIVE_REGULATION_OF_PEPTIDYL_THREONINE_PHOSPHORYLATION,2.0,0.0449657092543,False,KEGG_SULFUR_METABOLISM,1.0,0.879069215537,False,"CCAGGTT,MIR-490",3.0,0.014975874606,False,REACTOME_SMOOTH_MUSCLE_CONTRACTION,2.0,0.0449657092543,False,0.000237115974065
196,,,,,chr15q23,2.0,0.111323772515,False,KEGG_PYRUVATE_METABOLISM,2.0,0.0882810601468,False,GO_RNA_PROCESSING,10.0,0.000210094645519,True,KEGG_PYRUVATE_METABOLISM,2.0,0.0882810601468,False,"AGGGCCA,MIR-328",2.0,0.339592335529,False,REACTOME_MITOCHONDRIAL_PROTEIN_IMPORT,2.0,0.182769172323,False,0.000386835972643
197,BIOCARTA_KREB_PATHWAY,1.0,0.166722324282,False,chr4q24,2.0,0.00489261307454,False,REACTOME_CYTOSOLIC_TRNA_AMINOACYLATION,2.0,0.0038522059725,True,GO_RNA_BINDING,11.0,1.7144017061e-07,True,KEGG_CITRATE_CYCLE_TCA_CYCLE,1.0,0.661521513864,False,"ATCATGA,MIR-433",2.0,0.0879454794855,False,REACTOME_CYTOSOLIC_TRNA_AMINOACYLATION,2.0,0.0038522059725,True,0.00439761798736
198,BIOCARTA_EPONFKB_PATHWAY,1.0,0.0932283682012,False,chr6p21,3.0,0.0129559972335,True,SA_G2_AND_M_PHASES,1.0,0.0678290077307,False,GO_MITOCHONDRION,6.0,8.28206592773e-05,True,KEGG_VALINE_LEUCINE_AND_ISOLEUCINE_BIOSYNTHESIS,1.0,0.0932283682012,False,,,,,REACTOME_AKT_PHOSPHORYLATES_TARGETS_IN_THE_CYTOSOL,1.0,0.101690399563,False,0.0150165601818
199,BIOCARTA_FIBRINOLYSIS_PATHWAY,1.0,0.620794535571,False,chr2p,2.0,0.0048876809691,False,PID_INTEGRIN3_PATHWAY,3.0,0.00178841501366,False,GO_ANCHORING_JUNCTION,8.0,6.90355971098e-05,True,KEGG_GLYCEROPHOSPHOLIPID_METABOLISM,3.0,0.0101586170706,False,"CAGTGTT,MIR-141,MIR-200A",6.0,0.000532121175555,True,REACTOME_SPHINGOLIPID_DE_NOVO_BIOSYNTHESIS,2.0,0.0404000377891,False,0.000609878833639
200,BIOCARTA_MAPK_PATHWAY,2.0,0.132527298401,False,chr9q21,2.0,0.147758170386,False,REACTOME_IMMUNE_SYSTEM,6.0,0.0189963857452,False,GO_POLY_A_RNA_BINDING,11.0,1.93739082096e-06,True,KEGG_SPLICEOSOME,2.0,0.279565245837,False,"CTACTGT,MIR-199A",3.0,0.0356762985214,False,REACTOME_IMMUNE_SYSTEM,6.0,0.0189963857452,False,0.0020326029703
